0 0.2763660137469952 0.18508388445927546 0.010233915769136868 0.01388703859769381 
0 0.26070016164046067 0.1976006031036377 0.020196199417114258 0.02147113359891451 
0 0.015760615181464415 0.2727286448845497 0.029550105906449832 0.02640375724205604 
0 0.17348405031057504 0.23299495990459734 0.014286187978891226 0.016190382150503304 
0 0.2518243331175584 0.2223972907433143 0.024889450806837816 0.021448868971604567 
0 0.3049057722091675 0.21136233439812294 0.013373613357543945 0.01221313843360314 
0 0.009260072157933162 0.2978289219049307 0.018520144315866325 0.035661789087148815 
0 0.1714308261871338 0.2644427464558528 0.01367778044480544 0.013538892452533428 
0 0.15924143332701463 0.26902716893416184 0.011146481220538799 0.017864282314593975 
0 0.1941908964743981 0.26553175999568057 0.02364006409278283 0.02112296911386343 
0 0.21134515909048227 0.26527275488926816 0.010538101196289062 0.015212810956514798 
0 0.08515989321928757 0.29818548605992246 0.03637270744030292 0.035661789087148815 
0 0.7202369616581843 0.4402565039121188 0.1376793934748723 0.0932459097642165 
0 0.0002216038007575732 0.6361257846538837 0.0004432076015151464 0.0608067145714393 
