0 0.47656537936283994 0.20293757548699012 0.009882743542010967 0.012233715790968675 
0 0.4971165657043457 0.20806017288794884 0.020325513986440804 0.018401145935058594 
0 0.7749166121849647 0.18467042996333197 0.03043387486384465 0.02207466272207407 
0 0.5991533352778509 0.20714990909282976 0.014238724341759315 0.01398622072660006 
0 0.5151511889237624 0.22615790367126465 0.025743374457726113 0.01782824442936824 
0 0.45684218406677246 0.23572932756864107 0.013737054971548228 0.010245323181152344 
0 0.7997654034541204 0.2006786328095656 0.03702229719895583 0.03023046713608962 
0 0.6126062686626728 0.23340347179999718 0.013904278094951924 0.011492270689744215 
0 0.6267361640930176 0.23296530430133527 0.010384266193096455 0.01597459499652569 
0 0.5897057056427002 0.24250298279982346 0.02434704853938176 0.017659737513615534 
0 0.5720558166503906 0.2484345160997831 0.010049966665414663 0.013480644959669847 
0 0.7130794891944299 0.23141478575192964 0.03702229719895583 0.03023046713608962 
0 0.11439722317915696 0.5811722645392785 0.14592348612271822 0.07404287044818585 
0 0.9481399976290189 0.48181735552274263 0.051035367525540866 0.05277685018686148 
