0 0.3882330564352182 0.1484373716207651 0.007979209606464092 0.012738631321833683 
0 0.3704401162954477 0.1559202212553758 0.01693072685828576 0.01864332419175368 
0 0.12302581622050358 0.1558388930100661 0.02577215891617995 0.021791971646822415 
0 0.2801361634181096 0.1642840000299307 0.011776263897235576 0.014284922526432918 
0 0.3558390507331261 0.1773514747619629 0.021865074451153096 0.01748965336726262 
0 0.40811747771043044 0.18246319660773644 0.011611204880934495 0.010150891083937425 
0 0.10224303832420936 0.17561168854053205 0.031091635043804463 0.03028442309452937 
0 0.2701943837679349 0.19420767747438872 0.011666224553034855 0.011528877111581655 
0 0.2576659000836886 0.19502481130453256 0.008144250282874474 0.016872681104219876 
0 0.2911241329633273 0.20205123607928938 0.02061772346496582 0.017433569981501654 
0 0.30717454506800723 0.2069144340661856 0.008034247618455153 0.014116672369150015 
0 0.18119279237893912 0.20124953526716965 0.031091635043804463 0.030284386414747972 
0 0.736685532789964 0.5285545862638034 0.12601793729341948 0.06894133641169621 
0 0.006484399048181681 0.4964480216686542 0.012968798096363362 0.054159347827617936 
