0 0.48645485364473784 0.02640099021104666 0.008464813232421875 0.013354154733511118 
0 0.502195670054509 0.03689925831097823 0.01737495569082407 0.019980726333764885 
0 0.7362322440514197 0.07950940957436195 0.025988065279447116 0.02385243085714487 
0 0.5863952086522028 0.06078365674385658 0.012177357306847205 0.015210234201871432 
0 0.5128872577960675 0.060693170015628524 0.021978451655461237 0.019241493481856126 
0 0.462694003031804 0.05674696885622465 0.011731771322397085 0.011077945048992451 
0 0.7530124004070575 0.10272364891492404 0.0316312496478741 0.03275520067948561 
0 0.5914435386657715 0.09220395179895255 0.011880287757286659 0.012455380879915677 
0 0.6031750348898081 0.0951768710063054 0.008910435896653395 0.0174864622262808 
0 0.5705047754141 0.09637876657339242 0.020790466895470254 0.019081941017737754 
0 0.5546152041508601 0.09843692412743202 0.008613366347092848 0.014731590564434346 
0 0.6746035722585825 0.11455137454546414 0.0316312496478741 0.03275520067948561 
0 0.1015332295344426 0.3436136245727539 0.12444488818828876 0.07915709568903996 
0 0.8106232423048753 0.4402418319995587 0.04366038395808293 0.05744791030883789 
