0 0.5918918022742639 0.06266783292476948 0.009526766263521634 0.011912657664372371 
0 0.6091711704547589 0.07220761821820186 0.019449747525728665 0.017899655378781833 
0 0.8676411555363581 0.11358495400502132 0.029006077693058893 0.021452454420236442 
0 0.7020436433645395 0.09466713666915894 0.013648620018592248 0.01360916174375094 
0 0.6206789016723633 0.09343895545372596 0.024517646202674277 0.01732177000779372 
0 0.5651741578028753 0.08916150606595553 0.013098606696495643 0.00995786373431866 
0 0.8858962792616624 0.13439819445976844 0.03535732856163612 0.029394204799945537 
0 0.7072001237135667 0.1225618444956266 0.013281895564152645 0.011174963070796086 
0 0.7201449320866511 0.12537694894350493 0.010076816265399639 0.0155639465038593 
0 0.6839657563429612 0.12593070360330436 0.023204950185922477 0.01716195620023287 
0 0.6663491909320538 0.12750458258848923 0.009710165170522837 0.013129757000849797 
0 0.7989431161146897 0.14364447043492243 0.03535732856163612 0.029394241479726937 
0 0.16146573653587928 0.33747894030350906 0.13840128825261042 0.07180666923522949 
0 0.9450306525597205 0.4340971616598276 0.04897631131685697 0.05136324809147762 
