0 0.7035067631648138 0.619746630008404 0.03493719834547777 0.05535672261164738 
0 0.9298325685354379 0.6350454550523025 0.09807476630577674 0.0436553221482497 
0 0.7576829470120944 0.6657834053039551 0.06259419367863582 0.05126197521503155 
0 0.35202879172105056 0.4196376617138202 0.021748065948486328 0.01711746362539438 
0 0.4911328095656175 0.46478517238910383 0.03682892139141376 0.032747782193697415 
0 0.7828438465411847 0.5479659667381873 0.04374892895038311 0.04180130591759315 
0 0.557337394127479 0.5478452719174899 0.019687946026141826 0.03468194374671349 
0 0.5357999801635742 0.5572102986849271 0.03516681377704327 0.022613965548001803 
0 0.9516881796029898 0.5764532456031213 0.06360538189227764 0.0815276366013747 
0 0.6254801016587478 0.5728959120236911 0.05352966602032001 0.057250719804030195 
0 0.7299882448636569 0.5815124695117657 0.03443160423865685 0.04022374519935021 
