0 0.5931668831751897 0.695656262911283 0.039895167717566855 0.06051973196176382 
0 0.8276355449969952 0.7263166354252741 0.10451859694260818 0.052252035874586836 
0 0.6464644211989182 0.7477879157433143 0.06827193040114182 0.0579835451566256 
0 0.24081212740678054 0.461629005578848 0.023674396368173454 0.019416258885310247 
0 0.38253543927119327 0.5182575079110953 0.040342514331524186 0.03683911837064303 
0 0.6805065595186673 0.6248588745410626 0.048116830679086536 0.046814515040471 
0 0.4458776253920335 0.6102950022770808 0.022715055025540866 0.037775626549353965 
0 0.42284318116995007 0.6188157154963567 0.03794292303232046 0.02606377234825721 
0 0.854286267207219 0.6657805076012244 0.07134378873384915 0.08991138751690204 
0 0.5151075950035682 0.6411373065068171 0.05928230285644531 0.0637068381676307 
0 0.6232722172370324 0.6569358385526217 0.03835916519165039 0.0445558107816256 
