0 0.3527013338529147 0.5879097351661096 0.04533929091233473 0.06107190939096304 
0 0.13021025290855995 0.5421354954059308 0.10393502162053035 0.06237514202411358 
0 0.2878576058607835 0.618218183517456 0.07122208521916316 0.06264910331139198 
0 0.7464388333834134 0.4872612402989314 0.024600982666015625 0.02109047082754282 
0 0.5999190440544715 0.49393659371596116 0.04244558627788837 0.03938575891348032 
0 0.29579984224759615 0.49673938751220703 0.05102685781625601 0.04961710709791917 
0 0.5133507801936223 0.5570748219123254 0.026278055631197415 0.037819165449876055 
0 0.5315647858839768 0.5719685004307673 0.03872196490948017 0.0291595825782189 
0 0.12514822299663836 0.4792178227351262 0.0785215084369366 0.09239380176250751 
0 0.44077302859379697 0.5632023994739239 0.06370966251079853 0.06666766680203952 
0 0.33761123510507435 0.5435772308936486 0.041689579303448014 0.04619957850529598 
