0 0.5514677671285776 0.7850339596088116 0.04364934334388146 0.06207847595214844 
0 0.7782767369196966 0.75055481837346 0.1041562007023738 0.0596467531644381 
0 0.6155244937309852 0.8201475143432617 0.07032354061420147 0.06207084655761719 
0 0.15860099975879377 0.6580992478590745 0.024319557043222282 0.020855096670297477 
0 0.30623899973355806 0.673489313859206 0.04180192947387695 0.03917407989501953 
0 0.6131971249213586 0.69399749315702 0.05013344838069035 0.04950985541710487 
0 0.39069417806772083 0.743828663459191 0.02517083974984976 0.03855976691612831 
0 0.37160436923687273 0.7581841028653659 0.038491982680100664 0.028527259826660156 
0 0.7863364953261155 0.6857490539550781 0.07630032759446365 0.09326920142540565 
0 0.4636935820946327 0.7543707627516526 0.06234521132249098 0.06683980501615085 
0 0.568782586317796 0.7400383215684158 0.040661004873422474 0.046479225158691406 
