0 0.3920013721172626 0.7309115116412823 0.04037607633150541 0.05705870114839994 
0 0.1375121703514686 0.7529922632070688 0.11113849053016076 0.04704710153432993 
0 0.3319174326383151 0.7791794996995193 0.07139330643873948 0.05371695298414964 
0 0.7837461233139038 0.5177405797518216 0.024791589150061973 0.017961868873009317 
0 0.6280357654278095 0.5675691457895132 0.042057110713078424 0.034224290114182696 
0 0.3012738594642052 0.6604015643780048 0.05001669663649339 0.04359142596905048 
0 0.555139211507944 0.6537403693565955 0.022821499751164362 0.035684438852163464 
0 0.5795695965106671 0.662615335904635 0.03998837104210487 0.02391653794508714 
0 0.1117549676161546 0.6941933265099158 0.07312708634596604 0.08438755915715145 
0 0.47891932267409104 0.6811262644254245 0.061319131117600664 0.05951668665959285 
0 0.36143699059119594 0.6928966962374173 0.03950911301832933 0.041723398061899036 
