0 0.5218601960402268 0.4681146511664757 0.04189373896672176 0.02624339323777419 
0 0.481046199798584 0.47555949137761044 0.03175265972430889 0.017673565791203424 
0 0.6909661293029785 0.5142364135155311 0.043188315171461836 0.026436365567720853 
0 0.3901769197904147 0.49030131560105544 0.08742171067457932 0.06832064115084134 
0 0.758038227374737 0.6939736879788913 0.08098396888146034 0.059126633864182696 
0 0.4691355595221886 0.7763592279874362 0.07364643537081204 0.04391677563007061 
0 0.8690621302678034 0.31447214346665603 0.14262023338904747 0.09890031814575195 
0 0.7789473900428185 0.33301645058851975 0.03452154306265024 0.01926264396080604 
0 0.7842293519240159 0.35963353743919957 0.028229199923001803 0.0195008424612192 
0 0.5955760478973389 0.4618852138519287 0.03283247580895057 0.024892403529240534 
