0 0.5992246591127836 0.4947056403526893 0.04469655110285832 0.030964484581580527 
0 0.5561309227576623 0.501481844828679 0.033724197974571817 0.020998771374042217 
0 0.7727050414452186 0.5533100091494046 0.04603495964637169 0.031232797182523288 
0 0.4603067911588229 0.5145037724421575 0.09420431577242337 0.07971976353571965 
0 0.830874699812669 0.7583704728346604 0.08698030618520883 0.06921107952411358 
0 0.5238788311298077 0.8397696201617901 0.07842071239764874 0.05196329263540415 
0 0.9476802164258865 0.33535475914294904 0.10463956657510537 0.11606342975909893 
0 0.8764834770789514 0.35268866098844087 0.03666833730844351 0.02288330518282377 
0 0.8802432280320388 0.3828726548414964 0.030242919921875 0.022889430706317607 
0 0.6765824464651254 0.49059444207411546 0.03532695770263672 0.02908607629629282 
