0 0.35340197269733137 0.36098753488980806 0.041471004486083984 0.025152169741117038 
0 0.3931919794816237 0.37787721707270694 0.03167236768282377 0.016483270204984225 
0 0.1730513572692871 0.376676082611084 0.04281931657057542 0.025210233835073616 
0 0.4821504262777475 0.41344006244952863 0.08507072008573092 0.06826448440551758 
0 0.06903406863029186 0.5625912776360145 0.07925709165059604 0.05839270811814528 
0 0.3447149900289682 0.7151879897484412 0.07314333548912635 0.04163543994610126 
0 0.05157771477332482 0.11679031069462116 0.10315542954664964 0.09675140105761014 
0 0.12051278352737427 0.1564263518039997 0.034429045823904186 0.01797647659595196 
0 0.10981364433582012 0.18493866920471191 0.027747355974637546 0.019063252669114333 
0 0.28008339955256534 0.33851513495812047 0.03203256313617413 0.024745721083420973 
