0 0.5500776584331806 0.5053842801314133 0.03906338031475361 0.025224575629601113 
0 0.5138749342698318 0.522739208661593 0.02974084707406851 0.01667187764094426 
0 0.7172953532292292 0.5147033838125376 0.04030755849984976 0.02532203380878155 
0 0.4328621350801908 0.5594437489142785 0.08069896697998047 0.06759735254141 
0 0.8197334729708158 0.6887756127577561 0.07500692514272836 0.05802587362436148 
0 0.5701127052307129 0.8429525448725774 0.06880415402925931 0.04189645327054537 
0 0.8378495436448318 0.2624407089673556 0.13240872896634615 0.0964208933023306 
0 0.7583874555734488 0.3029824403616098 0.03233139331524189 0.018178646381084736 
0 0.7692423967214731 0.32984291590177095 0.026212472182053786 0.019002364231989935 
0 0.6170793313246506 0.48165504749004656 0.030353766221266527 0.024541488060584433 
