0 0.46703450496380144 0.4301306651188777 0.0440978637108436 0.028245925903320312 
0 0.42814111709594727 0.45037487836984486 0.03343046628511869 0.01894352986262395 
0 0.6516862649184006 0.42808927022493803 0.045462461618276745 0.028431782355675332 
0 0.34098792993105376 0.4934976100921631 0.09197669762831467 0.07401477373563327 
0 0.7742234009962815 0.5989365577697754 0.08521710909329928 0.06393616016094501 
0 0.5079808968764085 0.773800776554988 0.07752829331618089 0.04718941908616286 
0 0.7703208923339844 0.16189175844192505 0.15009234501765326 0.10678609517904428 
0 0.6850899549630972 0.20882952213287354 0.036345481872558594 0.020648791239811823 
0 0.6985454192528358 0.2355349247272198 0.029708348787747897 0.021053314208984375 
0 0.5394853261800913 0.40124027545635516 0.034545641679030195 0.02694526085486779 
