0 0.11317519041208121 0.344694761129526 0.017473349204430215 0.017941841712364785 
0 0.6188801985520583 0.3965594034928542 0.019892472487229567 0.012025796450101413 
0 0.9079890617957482 0.41663142351003796 0.02600831251878005 0.0232693232022799 
0 0.19932895440321702 0.3861367885883038 0.01858208729670598 0.01316209939809946 
0 0.26236557960510254 0.39580796315119815 0.0187837894146259 0.016805648803710938 
0 0.3118944534888634 0.39983877768883336 0.013340363135704627 0.017707237830528848 
0 0.5515417319077712 0.41466547892643857 0.02022867936354417 0.01809831765981821 
0 0.5182087421417236 0.41764596792367786 0.016499115870549128 0.02515066587007963 
0 0.5966014311863825 0.42453415577228254 0.02772217530470628 0.029420082385723408 
0 0.5782210826873779 0.432018701846783 0.013340399815486027 0.017707201150747445 
0 0.42503080001244176 0.4281931290259728 0.016095711634709284 0.017863640418419473 
0 0.10151302814483643 0.43053372089679426 0.0468750733595628 0.028086258814885065 
