0 0.900074628683237 0.4408224362593431 0.018107267526479866 0.02031982862032377 
0 0.416923321210421 0.4049080151778001 0.019835875584528997 0.014101285200852614 
0 0.14259065573032087 0.3741414180168739 0.026633436863238994 0.0265504030080942 
0 0.8113552240224985 0.4695424299973708 0.018707862267127402 0.015245877779447116 
0 0.7504998353811411 0.4684913525214562 0.01923524416410006 0.019175272721510667 
0 0.7033860133244441 0.46385326752295863 0.014195662278395433 0.01982421141404372 
0 0.47634300818810094 0.4364149570465088 0.02071490654578576 0.020650240091177132 
0 0.5069318184485803 0.4456194180708665 0.017858211810772236 0.02801341276902419 
0 0.4322616687187782 0.4388215175041786 0.02881625982431265 0.033264563633845404 
0 0.4479808990771954 0.45013798200167143 0.014195698958176833 0.01982417473426232 
0 0.592003345489502 0.47371649742126465 0.01680337465726412 0.020154622884897087 
0 0.8941120367783767 0.534644365310669 0.04671837733342098 0.032957994020902194 
