0 0.08225623002419105 0.5008136492509109 0.019858259421128493 0.021405623509333685 
0 0.5824578175177941 0.4243042285625751 0.021223838512714092 0.015487377460186299 
0 0.8658198576707107 0.370499665920551 0.0289919926570012 0.028227842771089993 
0 0.17632517447838417 0.5220391016740066 0.02014336219200721 0.016506231748140775 
0 0.23954630815065825 0.5158709012545072 0.020938671552217923 0.020386769221379206 
0 0.2882514183337872 0.5072755446800818 0.015821566948523887 0.020581538860614482 
0 0.5226431993337778 0.4607727527618408 0.02254940913273738 0.021955013275146484 
0 0.491410310451801 0.47253949825580305 0.02010334455049955 0.028892003572904147 
0 0.5686372060042161 0.45946911665109486 0.03166319773747371 0.03497017346895658 
0 0.5530007802523099 0.4720947742462158 0.01582160362830529 0.020581502180833083 
0 0.40470455243037295 0.5077595894153302 0.018512689150296725 0.021130891946645882 
0 0.0943514727629148 0.5940271524282602 0.049970704775590166 0.03622876680814303 
