0 0.11984127759933472 0.27848705878624547 0.01995580929976243 0.020139657534085788 
0 0.5995662028972919 0.41977924567002517 0.0211184575007512 0.014983507303091196 
0 0.875635733971229 0.491304324223445 0.029048772958608773 0.026727016155536357 
0 0.1953967993076031 0.33404847291799694 0.020094669782198392 0.01582031983595628 
0 0.25458808128650373 0.3547571622408353 0.020979642868041992 0.019302808321439303 
0 0.30177098971146804 0.36758241286644566 0.015999335509080153 0.019167643326979417 
0 0.5309525636526254 0.42512141741239107 0.02259342487041767 0.020787679232083835 
0 0.4981206747201773 0.42198839554419887 0.02040686974158654 0.02678053195659931 
0 0.5727040584270771 0.4427787340604342 0.03184245182917668 0.03285510723407452 
0 0.5534943433908316 0.44669233835660493 0.015999353848970853 0.019167569967416618 
0 0.405924155161931 0.4153702442462628 0.01863696024968074 0.019815591665414665 
0 0.09230294135900644 0.359285281254695 0.04971617001753587 0.03506961235633263 
