0 0.07446618722035335 0.5138070583343506 0.015032098843501164 0.018781698667086087 
0 0.5275003910064697 0.5328950881958008 0.0173953496492826 0.012178641099196214 
0 0.7858733397263747 0.5333787477933444 0.02248998788686899 0.024190682631272536 
0 0.15377196440329918 0.5525590273050162 0.016184669274550218 0.013489246368408203 
0 0.21045208894289458 0.5584290761214036 0.016242815898014948 0.0174710567180927 
0 0.2547540206175584 0.5591566929450402 0.01134188358600323 0.01873166744525616 
0 0.4688056982480563 0.5575855145087609 0.01749218427217924 0.018815003908597507 
0 0.4393614805661715 0.563294374025785 0.013918253091665415 0.02672863006591797 
0 0.5095142951378455 0.5649993969843938 0.023816989018366888 0.030843661381648138 
0 0.4936590011303241 0.5745068330031174 0.01134193860567533 0.01873170412503756 
0 0.3571986418503981 0.5816649106832651 0.013802014864408053 0.018764972686767578 
0 0.06969143335635845 0.6081264202411358 0.04099920162787804 0.02842228229229267 
