0 0.3089763384598952 0.14504232773414025 0.0175324586721567 0.01904913095327524 
0 0.27345824241638184 0.1834413271683913 0.010820755591759315 0.01221902553851788 
0 0.26041308733133167 0.19717674071972185 0.012326955795288086 0.01616670535160945 
0 0.40154789044306827 0.20819364144251898 0.009560328263502855 0.012143850326538086 
0 0.3940673608046312 0.20993559177105242 0.007121379558856671 0.01328431642972506 
0 0.18991903158334586 0.30244837357447696 0.0496669182410607 0.05054284976078914 
0 0.5219496396871713 0.3111480199373685 0.12365997754610501 0.12825577075664812 
0 0.3065203061470619 0.3654619913834792 0.055559323384211615 0.0444645881652832 
0 0.33423224779275745 0.5827863399799054 0.1256265090062068 0.15923588092510516 
0 0.17324644785660964 0.6377398417546198 0.0573426943558913 0.032997424785907455 
0 0.7741424853985126 0.6964830618638259 0.029664259690504808 0.05192162440373348 
