0 0.0498617199751047 0.8692792378939115 0.029024426753704365 0.04468807807335487 
0 0.5043985476860633 0.1309395249073322 0.01830896964439979 0.01991083988776574 
0 0.46249985694885254 0.16602003574371338 0.011298583104060246 0.012769570717444787 
0 0.4471588684962346 0.17852459504054144 0.012864442972036509 0.016885005510770358 
0 0.5924709026630108 0.20807611025296724 0.009978367732121395 0.012684932121863732 
0 0.5844679245581994 0.20891170318310076 0.007419879619891827 0.013859180303720327 
0 0.36023956078749436 0.2781598476263193 0.05187705846933218 0.052845276319063626 
0 0.7043262995206393 0.32990074157714844 0.12915530571570763 0.13408624208890474 
0 0.473313570022583 0.3582486372727614 0.05806853221012996 0.046550677372859076 
0 0.47399495198176456 0.5862461053408109 0.1311209752009465 0.16633228155282828 
0 0.29950449099907506 0.6222653205578144 0.059971827727097735 0.03462773102980394 
0 0.9166533396794245 0.7603085591242864 0.030917827899639424 0.05417779775766226 
