0 0.9939386665534514 0.7823723279512845 0.012122666319975486 0.046371166522686295 
0 0.6913809226109431 0.00502789135162647 0.01081551038301908 0.01005578270325294 
0 0.7045037746429443 0.018328544325553454 0.0123139528127817 0.0175166422357926 
0 0.5630249243516189 0.02983640363583198 0.009551415076622596 0.013158727150696974 
0 0.5705309097583477 0.03174223349644588 0.007101535797119141 0.014384764891404372 
0 0.7755140249545758 0.13239916929831871 0.049660224180955156 0.05479564116551326 
0 0.44262049748347354 0.14084805433566755 0.12363580557016227 0.13904064435225266 
0 0.658796108686007 0.20022006218249983 0.05558963922353891 0.04824056992164025 
0 0.6316855137164776 0.4352077887608455 0.12551124279315656 0.17254444269033578 
0 0.7932736506828895 0.49511395967923677 0.05741438498863807 0.035846636845515326 
0 0.1909496967609112 0.5569140544304481 0.029592147240271933 0.0562280874985915 
