0 0.6042709533984845 0.0853414971094865 0.019923686981201172 0.020864931436685417 
0 0.6494639286628137 0.11683298074282132 0.012330752152663011 0.013347882490891676 
0 0.6659860977759728 0.1280277004608741 0.01421370873084435 0.017492450200594388 
0 0.5203774708967942 0.1681303886266855 0.010994360997126652 0.013165052120502178 
0 0.5285780980036809 0.16835400691399208 0.00850376716026893 0.014119973549476037 
0 0.7617161365655752 0.21988068177149847 0.05618735460134653 0.05562622730548565 
0 0.4155852427849403 0.2968345055213341 0.1400733727675218 0.14095504467303938 
0 0.6526130529550406 0.307463866013747 0.06195853306696965 0.04993746830866887 
0 0.6686992278465858 0.5326535518352802 0.14444541931152344 0.17264901674710786 
0 0.8488080639105576 0.5551062730642465 0.06299179333906907 0.038417816162109375 
0 0.2313223618727464 0.737803789285513 0.035169161283052884 0.05534208737886869 
