0 0.0119256663780946 0.8141916348383977 0.0238513327561892 0.04525910891019381 
0 0.3575691076425406 0.013252097826737624 0.017533228947566107 0.02014948771550105 
0 0.3217320625598614 0.053879187657282904 0.010819178361159105 0.012923946747413049 
0 0.3085713845032912 0.0684122947546152 0.01231529162480281 0.017095217337975137 
0 0.45026227144094616 0.07975351351958054 0.009552992307222806 0.012841912416311411 
0 0.44274212763859677 0.08160875623042767 0.007097464341383714 0.014040942375476543 
0 0.23731809396010178 0.17973626576937163 0.04968393765963041 0.05346899766188402 
0 0.5707316582019513 0.18823297665669367 0.12369174223679763 0.13567611804375282 
0 0.3541444264925443 0.2460422424169687 0.055631197415865384 0.047063735815194935 
0 0.381030247761653 0.47550063866835374 0.1255320402292105 0.16839001728938177 
0 0.2191166877746582 0.5338719991537241 0.057473402756911054 0.03496004984929012 
0 0.822328677544227 0.5946601720956656 0.02957923595721905 0.05488278315617488 
