0 0.009293297735544352 0.5289975129641019 0.018586595471088704 0.02599030274611253 
0 0.3703001279097337 0.4941633664644681 0.03727175639225887 0.04138499039870042 
0 0.41607058965242827 0.494087420977079 0.03536697534414438 0.03831646992610051 
0 0.12322258949279785 0.5935491965367243 0.025806408662062425 0.02824566914485051 
0 0.4508327520810641 0.5651123340313251 0.027088495401235726 0.028534082266000602 
0 0.5093874381138728 0.568000811796922 0.04364560200617863 0.04809889426598182 
0 0.5681067063258245 0.5956738361945519 0.03408487026508038 0.038028020125169024 
0 0.6449398627647986 0.6440935868483323 0.04104467538686899 0.05279379624586839 
0 0.7326890505277194 0.6871374203608587 0.0570524655855619 0.05903500777024489 
0 0.8788106258098896 0.660106035379263 0.05950656303992638 0.07542720207801232 
0 0.9307169180649978 0.6513492510868952 0.07784058497502254 0.0703115463256836 
