0 0.33673721093397874 0.39394461191617525 0.03366165894728441 0.03570127487182617 
0 0.3836879546825702 0.4000875216263991 0.032112451700063854 0.03292520229633038 
0 0.06723305353751549 0.45321372839120716 0.023380215351398174 0.024311139033390924 
0 0.40781558476961577 0.47113436918992263 0.024741722987248346 0.02440643310546875 
0 0.46739585583026594 0.4817812259380634 0.039483217092660755 0.041443971487192005 
0 0.5231243830460769 0.5155958028940054 0.03075089821448693 0.03282994490403395 
0 0.5940634837517371 0.5712440930880033 0.03577368076031025 0.04651964627779447 
0 0.6770692605238694 0.6233540314894456 0.05230030646690956 0.050343880286583535 
0 0.8313042567326472 0.6179480736072247 0.05206445547250601 0.06633322055523212 
0 0.8859555904681866 0.616817309306218 0.07319318331204928 0.05847509090717022 
