0 0.726372241973877 0.33735102873582107 0.03582976414607121 0.0382990470299354 
0 0.6817931028512808 0.33741798767676723 0.03401631575364333 0.03545654737032377 
0 0.9686759435213529 0.4287409232212947 0.02481541266808143 0.0261381956247183 
0 0.6491262362553523 0.4033628977262057 0.026068980877216045 0.026401739854079027 
0 0.5921456080216628 0.4062162179213304 0.04196361395028921 0.04451120816744291 
0 0.5354198309091421 0.43204549642709583 0.03276274754450871 0.03519292978140024 
0 0.4613996102259709 0.47716148083026594 0.039322889768160306 0.04887874309833233 
0 0.37665772438049316 0.5173267217782828 0.054925001584566556 0.05462008256178636 
0 0.23389098277458778 0.4927068857046274 0.05703091621398926 0.06983074775108924 
0 0.18319057042782122 0.48474509899432844 0.0751274457344642 0.06502048785869892 
