0 0.6464447241563064 0.2524290359937228 0.034607300391564004 0.03845821894132174 
0 0.6011317326472356 0.2665765377191397 0.03298128568209135 0.03548455238342285 
0 0.9224574382488544 0.27067234882941615 0.024022689232459433 0.026195727861844577 
0 0.5892713620112493 0.34527151401226336 0.02538277552678035 0.02631833003117488 
0 0.5322492672846868 0.366224637398353 0.040579722477839544 0.04465077473567082 
0 0.48292842278113735 0.41092124352088344 0.03162112602820763 0.035361950214092545 
0 0.42226718022273135 0.4810779094696045 0.037031393784743086 0.04998511534470778 
0 0.34909892082214355 0.5494870589329646 0.0536186878497784 0.05430738742534931 
0 0.195937835253202 0.5690443332378681 0.05385442880483774 0.07129118992732121 
0 0.14179919774715716 0.5767998878772442 0.07468538100902851 0.06327427350557767 
