0 0.9594089434697077 0.28266103451068586 0.020918552692119893 0.024535509256216195 
0 0.6113340854644775 0.3941040589259221 0.03616666793823242 0.03901001123281626 
0 0.5690751809340256 0.41193034098698544 0.03436147249661959 0.03609958061805138 
0 0.87805909376878 0.3839044204125038 0.025059626652644232 0.026616903451772835 
0 0.5647048033200778 0.4872542894803561 0.02635497313279372 0.026867426358736478 
0 0.5118070932535025 0.5126547813415527 0.04236782514131986 0.04533166151780348 
0 0.468424338560838 0.5596623787513146 0.033066052656907305 0.03584905771108774 
0 0.4164211383232704 0.6317839989295373 0.039501300224891074 0.049900054931640625 
0 0.3522496590247521 0.7035001608041617 0.05555578378530649 0.05556576068584736 
0 0.20689033544980562 0.7371252866891714 0.05731929265535795 0.07127461066612831 
0 0.15558459208561823 0.7498047535236065 0.07626115358792819 0.06597291506253757 
