0 0.30899072610414946 0.8041262626647949 0.027677040833693285 0.03151886279766376 
0 0.39650275157048154 0.823973142183744 0.016240413372333232 0.015561617337740384 
0 0.007192638631050403 0.8370623221764197 0.014385277262100806 0.028511487520658053 
0 0.26838729931758 0.9127876941974347 0.033762454986572266 0.05156157566950871 
0 0.054487261634606585 0.9078860649695764 0.0562112216766064 0.054351806640625 
0 0.6664745991046612 0.6137575002817007 0.05692415971022386 0.058269354013296276 
0 0.5379182191995474 0.5905461861537054 0.03366906826312725 0.03765234580406776 
0 0.8128071198096642 0.7467295940105731 0.06315385378324069 0.06570882063645583 
0 0.7768763395456167 0.7510321690486028 0.03666503612811749 0.040719252366286054 
0 0.47318121103140026 0.7245227006765512 0.04841144268329327 0.051680564880371094 
0 0.6070887859051044 0.7540951508742112 0.029319249666654147 0.020448831411508415 
0 0.5597426157731277 0.7495928911062387 0.03193338100726788 0.03481314732478215 
0 0.42842789796682507 0.7272323461679312 0.040900120368370645 0.023802830622746393 
0 0.33799198957589954 0.7162988002483661 0.06905243946955754 0.05793329385610727 
0 0.5891127219566932 0.7670345306396484 0.02758363577035757 0.017609669612004206 
0 0.0437388912989543 0.7022841526911809 0.045725192014987655 0.04361798213078426 
0 0.4960922277890719 0.8203743787912222 0.03421647732074444 0.03396246983454777 
0 0.5256999822763296 0.8365101447472205 0.03571444291334886 0.035495758056640625 
0 0.26433083644280064 0.7920165795546311 0.03657163106478178 0.026810059180626504 
