0 0.30129851744725156 0.6490026987515963 0.023068556418785684 0.027040408207820013 
0 0.38963272021367 0.6519120289729192 0.014047879439133864 0.012908348670372596 
0 0.010685412929608272 0.7363181480994592 0.021370825859216545 0.02326378455528846 
0 0.2826249874555148 0.7589811911949744 0.025853432141817533 0.046212269709660456 
0 0.07496993358318622 0.7930586154644306 0.04853692421546349 0.045172471266526446 
0 0.003284172656444403 0.8551261608417218 0.006568345312888806 0.01802679208608774 
0 0.6107601385850173 0.40450915923485387 0.048589339623084433 0.04900158368624174 
0 0.4821210457728459 0.4058493467477652 0.0281832401569073 0.032198465787447415 
0 0.7773556709289551 0.50362150485699 0.05372157463660607 0.05543598761925331 
0 0.7434441859905536 0.5141872626084548 0.03074051783635066 0.03477749457726112 
0 0.4449150929084191 0.5441052180070144 0.04095242573664738 0.04381719002356896 
0 0.5799300120427058 0.5478048324584961 0.026694444509652946 0.015592428354116587 
0 0.5333193265474759 0.5521200987008902 0.02688708672156701 0.0296324949998122 
0 0.4021754081432636 0.5547630053300124 0.03806249911968525 0.016987030322735127 
0 0.3127024999031654 0.5608014326829177 0.06116612140948956 0.04658016791710487 
0 0.5650059993450458 0.5632789868574876 0.025398401113656852 0.013026567605825571 
0 0.025663926624334775 0.6008121417118952 0.039586240282425515 0.036145797142615683 
0 0.4852014138148381 0.6304914401127741 0.029391912313608024 0.02838244804969201 
0 0.5168706086965708 0.6403739268963153 0.030670532813439004 0.029671962444598857 
0 0.25584397866175723 0.6456466454725999 0.03307036253122183 0.020763617295485277 
