0 0.3003535820887639 0.617301133962778 0.02462001947256235 0.02967408987192007 
0 0.3926339883070726 0.6242609757643479 0.014929624704214243 0.014228527362530049 
0 0.0018256942813213055 0.6988382339477539 0.003651388562642611 0.02570005563589243 
0 0.2757141406719501 0.7352035962618314 0.027873882880577676 0.05043176504281851 
0 0.0568838520691945 0.7630077141981858 0.05159373696033771 0.04977967188908504 
0 0.6354577174553504 0.3667775300832895 0.051716547745924726 0.05391495044414814 
0 0.5008131357339712 0.3626619302309476 0.030063885908860426 0.035349295689509466 
0 0.8051512791560247 0.48096211139972395 0.057201238778921276 0.06096872916588417 
0 0.7691827553969163 0.4909004064706656 0.032785782447228067 0.03818702697753906 
0 0.4554728728074294 0.5102855058816763 0.04363258068378155 0.048159049107478216 
0 0.5965540225689228 0.5201166776510385 0.02821196042574369 0.01738889400775616 
0 0.5475895955012395 0.5227591441227839 0.02866202134352464 0.03255198552058293 
0 0.4102640335376446 0.519941311616164 0.040133219498854414 0.019130523388202373 
0 0.31637717210329497 0.5225904354682336 0.0648350899036114 0.05156161234929012 
0 0.5802225332993728 0.536174095593966 0.026810059180626504 0.014591693878173828 
0 0.01762695725147541 0.5533663676335261 0.03525391450295082 0.03984788747934195 
0 0.49361205101013184 0.6052719996525691 0.03126111397376427 0.03125425485464243 
0 0.5262858317448542 0.617308469919058 0.032622117262620196 0.03267317551832933 
0 0.2529547122808603 0.6117131526653583 0.03497584049518292 0.023104520944448616 
