0 0.547663505260761 0.7540718958928034 0.0310059327345628 0.03180239750788762 
0 0.44812690294705904 0.736601132612962 0.01819016383244441 0.015880658076359674 
0 0.8600639196542593 0.9078435897827148 0.035845389732947715 0.02925256582406851 
0 0.547228061235868 0.8668029124920185 0.03783897253183218 0.051224855276254505 
0 0.7732715239891639 0.9482140907874475 0.06296033125657302 0.05543063237116887 
0 0.24841618537902832 0.44176336435171276 0.06376277483426608 0.05919383122370793 
0 0.39228591552147496 0.4727042454939622 0.03771770917452299 0.03803330201369066 
0 0.04251140785905031 0.5011224013108474 0.0707421308526626 0.06667914757361779 
0 0.07845473977235648 0.5193477593935453 0.041073620319366455 0.04114873592670147 
0 0.40712323555579555 0.6175819543691782 0.0542298830472506 0.05235613309420072 
0 0.255131171299861 0.5901419566227839 0.03282998158381535 0.021422826326810397 
0 0.30651676654815674 0.6051287467663105 0.035772231908944935 0.035221063173734225 
0 0.45293996884272647 0.6379307233370267 0.045791882735032305 0.02540735098031851 
0 0.5520146626692551 0.6644855645986704 0.07733260668241061 0.05971849881685697 
0 0.26884721792661226 0.6088347251598651 0.030884504318237305 0.018610697526198167 
0 0.8658489447373611 0.7700248131385217 0.05121458493746244 0.04452646695650541 
0 0.3452095068418063 0.6934768603398249 0.03832571323101337 0.03457340827355018 
0 0.30780746386601376 0.6959285002488357 0.04000373987051157 0.03613119858961839 
0 0.5992434391608605 0.7612290382385254 0.040952279017521784 0.02795710930457482 
