0 0.3719366146967961 0.5964740423055795 0.02370606935941256 0.028734610630915716 
0 0.4622810437129094 0.6026836541982797 0.014425277709960938 0.01375895280104417 
0 0.06827058929663438 0.6777130640470065 0.028806947744809665 0.02483477959266076 
0 0.3493965405684251 0.7113487903888409 0.026616279895489033 0.04892048468956581 
0 0.13574264141229483 0.7397375473609338 0.049842696923475996 0.0481408192561223 
0 0.055910433714206405 0.802228414095365 0.01580405693787795 0.019156529353215143 
0 0.6963663101196289 0.3506601957174448 0.04990812448354868 0.05216543491070087 
0 0.5646262902479905 0.3474764090317946 0.02895964108980619 0.0342256839458759 
0 0.8638394795931302 0.46073240500230056 0.05518333728496845 0.05899807123037485 
0 0.8287926820608286 0.47062211770277756 0.0315862068763146 0.03697127562302809 
0 0.5222330093383789 0.4913972341097318 0.04207141582782452 0.046611859248234674 
0 0.6603437203627366 0.5001033636239859 0.027384611276479866 0.0167542237501878 
0 0.6124902138343225 0.5029731163611779 0.02762442368727464 0.03151138012225811 
0 0.47814523256742036 0.5010685003720797 0.03903051523061899 0.018376680520864632 
0 0.3863566838777982 0.5042185599987323 0.06278016017033504 0.049794453840989336 
0 0.6445832252502441 0.51582749073322 0.026049467233511116 0.01403980988722581 
0 0.09124672412872314 0.5360071108891413 0.040649083944467396 0.03853130340576172 
0 0.5607891082763672 0.5835909293248103 0.030185699462890625 0.03023217274592473 
0 0.59290388914255 0.5951037773719201 0.03149909239548903 0.03160498692439152 
0 0.32550556843097395 0.5913256865281326 0.033929641430194564 0.022276584918682393 
