0 0.3520521384019118 0.7093898333035983 0.04759678473839393 0.04767755361703726 
0 0.7345970777364877 0.6860180634718674 0.018546911386343148 0.024566210233248197 
0 0.21524814458993766 0.7541649891779973 0.12813223325289214 0.1302032470703125 
0 0.32637797869168794 0.789227925814115 0.08739904256967398 0.08448233971228966 
0 0.6727108955383301 0.7708179767315204 0.01841391049898588 0.023292394784780648 
0 0.9221238505381805 0.762242867396428 0.09469422239523667 0.06505900162916917 
0 0.9321297607384622 0.8320243542010968 0.1334490993131812 0.07907339242788461 
0 0.591780790915856 0.9077517436100886 0.10908614672147311 0.07534100459172176 
0 0.886263906955719 0.913911379300631 0.07774302592644325 0.055777476384089544 
0 0.9823307382086148 0.9033457315885104 0.03533852300964869 0.09858549558199368 
0 0.29349803924560547 0.3961023000570444 0.09481077927809495 0.0789333123427171 
0 0.5512536122248723 0.3892550285045917 0.02539407289945162 0.0391234251169058 
0 0.5925350739405706 0.41982084054213303 0.03739243287306566 0.02647843727698693 
0 0.896209893318323 0.5009934168595535 0.07019828374569233 0.06005283502432016 
0 0.8730949346835797 0.5792846496288593 0.017882016988900993 0.01819746310894306 
