0 0.7582909510685847 0.6535578874441293 0.04317048879770132 0.0469365486731896 
0 0.3988561997046837 0.6868155185992901 0.016564222482534554 0.02454515603872446 
0 0.892411048595722 0.6789128596966083 0.11613677098200871 0.12829127678504357 
0 0.7944083213806152 0.7313820765568659 0.07940343710092398 0.08298463087815505 
0 0.4694192042717567 0.7643036842346191 0.01649273358858549 0.023222629840557393 
0 0.23609471321105957 0.7928020403935359 0.08717137116652268 0.062251971318171576 
0 0.23748038365290716 0.8656715613145095 0.12339060123150165 0.074553342965933 
0 0.5656864459698017 0.892270014836238 0.1004029787503756 0.07212492135854867 
0 0.29269450444441575 0.9425742442791278 0.07146503375126766 0.053578670208270736 
0 0.17061807559086725 0.9511172221257136 0.0928494746868427 0.09682567302997296 
0 0.7647508474496695 0.32436928382286656 0.0866847405066857 0.07673982473520133 
0 0.5239306046412542 0.35588159927955043 0.022443074446458083 0.039340275984544024 
0 0.49021348586449254 0.3933137380159818 0.03438791861900917 0.025405296912560098 
0 0.2201662797194261 0.5217167780949519 0.06411225979144757 0.05850080343393179 
0 0.2536658782225389 0.5983411348783053 0.016206796352679912 0.01793186481182392 
