0 0.4874577338878925 0.6069236535292405 0.04714250564575195 0.044690425579364486 
0 0.8651342850465041 0.6596801831172063 0.018337304775531475 0.022986998924842246 
0 0.3450997242560753 0.6212391303135798 0.12689953583937424 0.12203308252187875 
0 0.446431435071505 0.6746995265667255 0.08658185371985802 0.0792096211360051 
0 0.7878060432580801 0.7249672229473407 0.018211823243361253 0.021800701434795674 
0 0.9928668667204105 0.7654345952547513 0.014266265986057429 0.06118136185866136 
0 0.9811255907496581 0.8309541115394006 0.037748817927562274 0.07448313786433293 
0 0.6814659467110267 0.8340704991267278 0.108230132323045 0.0708468510554387 
0 0.964401332088388 0.8966882412250226 0.07119733525010255 0.05243007953350361 
0 0.4931227427262526 0.3101317607439481 0.0939935170687162 0.07409471731919509 
0 0.7458151395504291 0.35378846755394566 0.025077177928044245 0.03658092938936674 
0 0.7799430993887094 0.389630152628972 0.03709543668306791 0.024892623607928935 
