0 0.5608848608457125 0.6381130218505859 0.04665649854219877 0.05019290630634014 
0 0.17469367614159217 0.6794286141028771 0.01793986100416917 0.026143440833458535 
0 0.7052077513474685 0.6625478451068585 0.12552657494178185 0.1371594942533053 
0 0.6001611672914945 0.7196121215820312 0.08579565928532527 0.08879544184758113 
0 0.25099632373222935 0.7599769739004282 0.017855369127713717 0.024748875544621393 
0 0.023676785138937142 0.7940878868103027 0.047353570277874284 0.06709120823786809 
0 0.03437926219059871 0.8709596853989822 0.06875852438119742 0.08067945333627555 
0 0.35522292210505557 0.893347850212684 0.10829470707820012 0.07772130232590896 
0 0.06205448852135585 0.9511558826153095 0.07709524952448331 0.057681890634390026 
0 0.565921453329233 0.2906240958433885 0.0935823733990009 0.08234400015610915 
0 0.307227950829726 0.32804521230550915 0.02434237186725323 0.041830594723041244 
0 0.27119977657611555 0.3681290883284349 0.03709488648634691 0.027359558985783503 
0 0.008130730344698979 0.5083001210139348 0.016261460689397957 0.06273871201735276 
0 0.01810478648314109 0.588578462600708 0.017517288143818196 0.01917101786686824 
