0 0.7553046666658841 0.6547658626849835 0.04651634509746845 0.0548549065223107 
0 0.41101308969350964 0.7270631056565505 0.0185700196486253 0.028078225942758415 
0 0.8879241209763747 0.668823792384221 0.12536122248722956 0.14974660139817458 
0 0.7988195419311523 0.7356958389282227 0.08518791198730469 0.09729576110839844 
0 0.48783581073467547 0.804162649007944 0.018355442927433893 0.02664808126596304 
0 0.2651006716948289 0.8586016434889573 0.09033480057349572 0.07577940133901742 
0 0.27444958686828613 0.9376420241135818 0.12637009987464318 0.09267469552847055 
0 0.5950881334451529 0.9335257456852839 0.10409344159639798 0.0877377436711238 
0 0.3363496340238131 0.9916093898220704 0.0743394264808068 0.016781219782737587 
0 0.21911389094132644 0.9902205832589132 0.09959013645465557 0.01955883290905219 
0 0.7253839419438288 0.2964210326854999 0.09146917783297025 0.09131464591393104 
0 0.49572388942425066 0.3548890627347506 0.0258327997647799 0.04458764883188101 
0 0.46719784003037673 0.398954648237962 0.035729518303504355 0.03080580784724309 
0 0.2198921533731314 0.5656439524430495 0.06784354723416842 0.0694123414846567 
0 0.2607411604661208 0.645533561706543 0.01749724608201247 0.020928162794846755 
