0 0.303526915036715 0.9348215323228103 0.06015982994666466 0.06560010176438552 
0 0.5579691116626446 0.9103823074927697 0.11053815254798302 0.1123361587524414 
0 0.4189167572901799 0.9866237638948055 0.1863262836749737 0.026752471637267333 
0 0.9106273284325233 0.20247048598069411 0.05132359724778395 0.04574155807495117 
0 0.7872251363900992 0.27748653521904576 0.05374629680926983 0.04626151231619028 
0 0.34104217015779936 0.3771800077878512 0.06069187017587515 0.06810910885150616 
0 0.4851061197427603 0.38167656384981596 0.04981807562021109 0.05499817774846004 
0 0.3893892581646259 0.46780256124643177 0.054194010221041165 0.0810842514038086 
0 0.4459994939657358 0.4779514716221736 0.08344118411724384 0.07179403305053711 
0 0.5758216747870812 0.4750111469855675 0.1668822581951435 0.1435880294212928 
0 0.8947586279649001 0.4262368679046631 0.10906080099252555 0.11082154053908128 
0 0.4613528618445763 0.6399269104003906 0.061756134033203125 0.07312745314378005 
0 0.5947809586158166 0.6480177182417649 0.11402504260723408 0.1178743289067195 
0 0.529816774221567 0.6999985621525691 0.06149013225848858 0.07187285790076622 
