0 0.8999467262854943 0.9058345647958609 0.059474798349233776 0.06508284348707932 
0 0.6179124391995944 0.9508477356284857 0.11073626004732572 0.09830452816990706 
0 0.8134618539076585 0.9939907145901368 0.18915770604060247 0.012018570246604772 
0 0.024875663794004 0.3206091018823477 0.049751327588008 0.04378140889681303 
0 0.1793308716553908 0.36213265932523286 0.0553279840029203 0.04396526630108173 
0 0.691061753493089 0.33239543437957764 0.059658050537109375 0.06787397311283992 
0 0.536911469239455 0.3804646455324613 0.049130916595458984 0.05467022382296049 
0 0.6662391515878531 0.4419693946838379 0.04966941246619591 0.08388541294978215 
0 0.6081965519831731 0.469647425871629 0.08590155381422776 0.06822516367985652 
0 0.46717374141399676 0.5056326939509466 0.17180314430823693 0.13645032735971305 
0 0.1081729531288147 0.5504693984985352 0.10925860588367169 0.10868035829984225 
0 0.6405348410973182 0.6441112298231858 0.06002470163198618 0.07345632406381461 
0 0.498950719833374 0.6927486199599046 0.11387498562152569 0.11593400515042819 
0 0.5847720549656794 0.7277042682354267 0.05993303885826698 0.07206065838153546 
