0 0.10978575394703792 0.7216606506934533 0.049471332476689264 0.05824859325702374 
0 0.35644736656775844 0.7468367723318247 0.09247002234825721 0.09814387101393479 
0 0.19765145962054914 0.8698279307438777 0.15856332045335036 0.15020605233999398 
0 0.0955207829292004 0.9109134307274451 0.07400317833973812 0.07955719874455379 
0 0.02910476693740258 0.9138963405902569 0.05820953387480516 0.08132655803973858 
0 0.8162418145399827 0.1097107300391564 0.044164144075833835 0.03861601536090557 
0 0.6855629774240347 0.16047460757769072 0.04656300177940956 0.03866266287290133 
0 0.24308036840879 0.17299387546686026 0.04953929094167856 0.060853857260483965 
0 0.3795315669133113 0.20552743398226225 0.040837654700646035 0.04896692129281851 
0 0.2732826379629282 0.2727585847561176 0.040351574237530045 0.07629851194528434 
0 0.32543500570150524 0.2938995728125939 0.07229425356938289 0.05999469757080078 
0 0.4496202835669884 0.31624557421757626 0.14458839709942156 0.11998928510225736 
0 0.7619780393747183 0.32971715927124023 0.09123662801889273 0.0968179702758789 
0 0.3117240392244779 0.45837928698613095 0.04967513451209435 0.06606435775756836 
0 0.43741446274977464 0.49242549676161546 0.09500466860257663 0.10340100068312424 
0 0.36643466582665074 0.531601594044612 0.04964120571429913 0.06476171200092022 
