0 0.08288874992957482 0.6644703058096079 0.0647436655484713 0.06799873938927284 
0 0.33011072415571946 0.7630816239577073 0.11850102131183331 0.11700894282414363 
0 0.13083341373847082 0.8303597523615911 0.19896083840957055 0.18363395104041466 
0 0.030580444977833673 0.8379172545212966 0.06116088995566735 0.09459422184870793 
0 0.9803906952818999 0.30430492987999547 0.03921860886307863 0.04811866466815655 
0 0.838660350212684 0.31227832574110764 0.057149373568021335 0.04880380630493164 
0 0.37854702656085676 0.18956710742070124 0.06542451565082257 0.07046677516056941 
0 0.5099454109485333 0.26159667051755464 0.05365184637216421 0.05696280185992901 
0 0.3809517346895658 0.29246357771066517 0.059556080744816706 0.0825339464040903 
0 0.42866347386286807 0.32817246363713193 0.08872296259953426 0.07574184124286358 
0 0.550343550168551 0.38690431301410383 0.1774459985586313 0.15148375584528997 
0 0.8687171569237342 0.49448574506319487 0.11691643641545223 0.11543222574087289 
0 0.3671107842372014 0.4785162118765024 0.06678606913639949 0.07540269998403695 
0 0.4869714333460881 0.5486964996044452 0.12235087614793044 0.12262993592482346 
0 0.4024507082425631 0.563927173614502 0.06644564408522385 0.07416879213773288 
