0 0.18106077726070696 0.7068433028001052 0.06206819644341102 0.06321907043457031 
0 0.479508271584144 0.7556988275968112 0.11570567351121169 0.10698663271390475 
0 0.27449628023000866 0.8691083834721491 0.19788444959200346 0.16461423727182242 
0 0.14615838802777803 0.9024848571190467 0.0926278095978957 0.08667630415696365 
0 0.05081023619725154 0.8976604021512545 0.10162047239450309 0.0897526374230018 
0 0.9350729355445275 0.1757115125656128 0.057952514061560996 0.042666416901808515 
0 0.39435617740337664 0.1480992161310636 0.062226368830754206 0.06593653788933387 
0 0.5577336641458365 0.1944889288682204 0.051261645096998945 0.05310685818011944 
0 0.42195523702181303 0.2546964150208693 0.051457661848801836 0.08155428446256198 
0 0.48359355559715855 0.2814874832446759 0.08997686092670147 0.06620946297278771 
0 0.6329565231616681 0.3161486112154447 0.17995361181405875 0.13241892594557542 
0 0.9777575271347394 0.3588574299445519 0.04448494515739954 0.10554199952345628 
0 0.4516584506401649 0.4513990512261024 0.06254265858576848 0.07137148196880634 
0 0.6017743990971491 0.49837457216702974 0.11895143068753757 0.1125932840200571 
0 0.5115981835585374 0.5326250883249136 0.062463613656850964 0.07001275282639724 
