0 0.7266056354229267 0.5756265566899226 0.07792113377497746 0.08156769092266376 
0 0.025191197028526895 0.19396004310021034 0.05038239405705379 0.03610574282132662 
0 0.4842151678525485 0.12087397391979511 0.05969924193162184 0.05215092805715708 
0 0.34357346021212065 0.1642325107867901 0.047374798701359674 0.04524153929490309 
0 0.3773973905123197 0.22205814031454232 0.0879198221059946 0.05655510608966534 
0 0.26783169232881987 0.2508168679017287 0.11872122837946965 0.08056943233196552 
0 0.3594805460709792 0.3240687938836905 0.05802136201124925 0.06418398710397574 
0 0.29112735161414516 0.38123642481290376 0.05519529489370493 0.050144892472487226 
0 0.9553968125524429 0.3597732874063345 0.08920637432199258 0.11026166035578801 
0 0.5148322582244873 0.449293485054603 0.04193859833937425 0.031814905313345104 
0 0.2786271021916316 0.5101554577167218 0.07344656724196214 0.059339009798490085 
0 0.8505458740087656 0.43460649710435134 0.043341838396512546 0.04557532530564528 
0 0.3926089360163762 0.5474150731013372 0.14000467153695914 0.12519528315617487 
0 0.5478911033043494 0.5473990073570838 0.10353161738469051 0.08658438462477464 
