0 0.35368910202613246 0.8365174073439378 0.0660850451542781 0.0797563699575571 
0 0.026415728605710544 0.9805378545648776 0.05283145721142109 0.038924290297123104 
0 0.9658305461590106 0.3158192267784706 0.047023699833796576 0.03225847390981821 
0 0.5233067182394174 0.3097042395518376 0.052073001861572266 0.04930985890902006 
0 0.6613076283381536 0.3341541840479924 0.04078512925368089 0.04352896030132587 
0 0.6369130061222956 0.40161552795997035 0.07951164245605469 0.049525517683762774 
0 0.743774780860314 0.415269503226647 0.10678159273587741 0.07166748780470628 
0 0.666925466977633 0.5084104171166053 0.04872740232027494 0.06331979311429538 
0 0.7386459570664626 0.5590791885669415 0.047875551077035755 0.04778917019183819 
0 0.10083927558018611 0.6422008734482986 0.09363902532137357 0.10707525106576773 
0 0.5367964047652024 0.6674272097074069 0.037253343141995944 0.02914149944598858 
0 0.767025690812331 0.6956411875211276 0.06473636627197266 0.05516617114727314 
0 0.2188292650076059 0.7044960168691782 0.03672970258272611 0.04459674541766827 
0 0.6645124325385461 0.7536223484919622 0.12171653600839469 0.11893903292142428 
0 0.5183120507460374 0.7780508995056152 0.09084378756009616 0.081115355858436 
