0 0.33348925297076887 0.7330330701974722 0.06009817123413086 0.08088911496675931 
0 0.028642895774772532 0.925237618959867 0.0543732217584665 0.10357042459341195 
0 0.9902335312217474 0.13628715735215408 0.01953293698338362 0.03879367388211764 
0 0.8932517858651968 0.17369417043832633 0.04325235806978666 0.032071480384239785 
0 0.48100574199969953 0.1813347339630127 0.04762561504657452 0.04965364016019381 
0 0.6100116509657639 0.20233054344470686 0.03720393547644982 0.04399723273057204 
0 0.5886308413285476 0.27306305445157564 0.07323496158306415 0.049005875220665567 
0 0.6884226432213416 0.28384668093461257 0.09824943542480469 0.07117863801809457 
0 0.9754009245393368 0.2987895287000216 0.049198150348204836 0.06665767156160794 
0 0.6186999357663668 0.38286792314969575 0.04422294176541842 0.06433787712684044 
0 0.686498605287992 0.43314854915325457 0.043737631577711836 0.04820467875554012 
0 0.09415467656575717 0.5395035376915565 0.08527435247714703 0.10843966557429387 
0 0.5006641608018142 0.5518901348114014 0.03419406597430889 0.029138821821946364 
0 0.7156375004695013 0.5738753722264216 0.059329839853140026 0.05534483836247371 
0 0.20527498538677508 0.6003795587099515 0.03339686760535607 0.045237211080697864 
0 0.6213164512927716 0.6372446647057166 0.11124775959895207 0.11989182692307693 
0 0.48564377197852504 0.6671979977534368 0.08318303181574895 0.08151604579045223 
