0 0.3137246278616098 0.7659102586599497 0.06781988877516526 0.08637773073636569 
0 0.056897068252930276 0.9771429573973784 0.06517330270547134 0.0457140846321216 
0 0.8450138752277081 0.06491268827364995 0.046565936161921576 0.043339853103344254 
0 0.7475012632516714 0.12115280903302707 0.045528338505671576 0.03678836272313045 
0 0.35397555277897763 0.2041983696130606 0.05193138122558594 0.05442690849304199 
0 0.4814075506650485 0.2008744661624615 0.041221288534311146 0.04757325465862568 
0 0.47388285856980544 0.27334362726945144 0.07642357165996845 0.05714788803687462 
0 0.5714572576376108 0.26548357193286604 0.10320916542640099 0.08194228319021371 
0 0.8639524166400616 0.22446641555199257 0.085296630859375 0.07518951709453876 
0 0.5228040585151086 0.3742370422069843 0.05050941614004282 0.0682355073782114 
0 0.5969652395982009 0.410523377932035 0.0480188956627479 0.052511948805588946 
0 0.048992362088308886 0.6222773331862229 0.09543568597963223 0.11641340989332932 
0 0.4406913610605093 0.5596924561720628 0.036468212421123795 0.032756805419921875 
0 0.6506601113539475 0.5415536073537973 0.06387644547682542 0.06148213606614333 
0 0.16659600459612334 0.660882619711069 0.037723843867962174 0.0482788819533128 
0 0.5719108398144062 0.6202706373654879 0.121795837695782 0.13092704919668344 
0 0.44742571390592134 0.6741920617910532 0.09004970697256234 0.09000587463378906 
