0 0.7198387292715219 0.7571962429926946 0.061251346881573014 0.08212493016169621 
0 0.991264466339579 0.9594237619581131 0.017471066747720424 0.08115247551065224 
0 0.09525632858276367 0.11225504141587478 0.04402608137864333 0.039622802000779375 
0 0.20140757927527794 0.15741609610044038 0.04373389024000902 0.03287537281329815 
0 0.6129349195040189 0.19417952574216402 0.04834688626802885 0.050585728425246015 
0 0.48243467624370867 0.2061000237098107 0.03783680842472957 0.044742400829608626 
0 0.4986075988182655 0.2784579350398137 0.07397981790395883 0.05034967569204477 
0 0.39806116544283354 0.2822124407841609 0.09932107191819411 0.0729992206280048 
0 0.09461197486290565 0.27582135567298305 0.0811619391808143 0.06817135444054237 
0 0.46047804905818057 0.38631890370295596 0.0451356447660006 0.0652630879328801 
0 0.3890089988708496 0.43189419232881987 0.04443484086256761 0.04906918452336238 
0 0.9649479158509237 0.5802508500906137 0.0701041677250312 0.11017249180720402 
0 0.56604370704064 0.5639524093041053 0.03462520012488732 0.02978669680081881 
0 0.34953601543719953 0.5707934269538293 0.06014163677509014 0.05648469924926758 
0 0.8577558306547312 0.6333796611199012 0.034041487253629245 0.04592481026282677 
0 0.4391627861903264 0.6409266361823449 0.11298476732694186 0.12208179327157828 
0 0.5725818597353421 0.6805094205416166 0.08437351080087516 0.08312709514911358 
