0 0.8074649297274076 0.7731954501225398 0.1086731690626878 0.11894600207989033 
0 0.5546439427595872 0.7985503856952374 0.030940165886512168 0.048501234788161054 
0 0.5904234372652494 0.8145940487201397 0.02996679452749399 0.03522506126990685 
0 0.6468134293189416 0.35659025265620303 0.14972268618070161 0.1932824574984037 
0 0.5646997598501352 0.36933165330153245 0.06377161466158353 0.0667723142183744 
0 0.2545866049253024 0.48167837583101714 0.08510303497314453 0.07759152925931491 
0 0.6906716640178974 0.48282665472764236 0.09108242621788612 0.10312150074885441 
0 0.10477938101841854 0.552814245223999 0.0694869664999155 0.051349529853233926 
0 0.5331884164076585 0.5625386238098145 0.09357173626239483 0.062372060922475964 
0 0.7856894273024339 0.5705777314993051 0.06099026019756611 0.10353887998140775 
0 0.21706787439493033 0.6873425336984488 0.08862104782691368 0.10690109546367939 
0 0.3260196172274076 0.6819617564861591 0.14905592111440805 0.034781455993652344 
0 0.7214165100684533 0.6567505139570969 0.09934241955096905 0.10373177895179161 
0 0.5952493594242976 0.6727470067831186 0.16914932544414812 0.12209411767812875 
0 0.8638530877920297 0.7116318849416879 0.15694002004770133 0.1423187989455003 
