0 0.4223931019122784 0.7896953362684983 0.11636154468242939 0.1258560327383188 
0 0.6577529357029841 0.7471817089961126 0.035239109626183145 0.04967432755690355 
0 0.6298885895655706 0.7715648871201736 0.032436554248516374 0.036998822138859674 
0 0.04585952025193434 0.3140178185242873 0.04763243748591496 0.0728158767406757 
0 0.4519549516531137 0.3578527799019447 0.1645545225877028 0.20120703257047212 
0 0.529647001853356 0.3482607878171481 0.06784692177405724 0.07099155279306266 
0 0.08821887236375076 0.4815409183502197 0.01989269256591797 0.018662122579721305 
0 0.8408720172368563 0.37212283794696516 0.08888135506556584 0.0838468991793119 
0 0.44735140066880447 0.4874432820540208 0.0980206636282114 0.10872697830200195 
0 0.9802360670784345 0.3994272305415227 0.039527865270009406 0.057108365572415866 
0 0.611682836826031 0.5207600410167987 0.09441892917339618 0.070494688474215 
0 0.3858723273644081 0.5944316570575421 0.07060784559983474 0.10542121300330529 
0 0.9317876673661746 0.5547026304098276 0.0963183595583989 0.1119986680837778 
0 0.8318985654757574 0.5782119861015906 0.14109649108006403 0.051224158360407904 
0 0.4678148122934195 0.658212239925678 0.10564972804142879 0.11031998120821439 
0 0.5861953588632437 0.6401243209838867 0.172027954688439 0.13627037635216346 
0 0.35439573801480806 0.7468722050006573 0.16379682834331805 0.1538964051466722 
