0 0.6904282936683068 0.896664546086238 0.09802906329815204 0.11856724665715145 
0 0.45664015183081996 0.9154113622812124 0.02759276903592623 0.048725274892953724 
0 0.4893055695753831 0.9327543332026556 0.02697915297288161 0.03517554356501652 
0 0.924318973834698 0.3170134379313542 0.03626940800593449 0.07215017538804275 
0 0.5511390612675593 0.4678350778726431 0.13442120185265174 0.19342741599449745 
0 0.4751105858729436 0.4785138827103835 0.05759096145629883 0.06648140687208909 
0 0.9273911256056565 0.49748483070960414 0.01727573688213642 0.017105542696439303 
0 0.18660318851470947 0.5842619492457464 0.07710433006286621 0.07694218708918645 
0 0.5888975583589994 0.5976406060732328 0.08208700326772836 0.10288183505718525 
0 0.0468719108746602 0.6525229674119216 0.06321591368088356 0.050547086275540866 
0 0.44190093187185436 0.6744218239417443 0.08527377935556266 0.061138006357046276 
0 0.6746786190913274 0.6896793292118952 0.05422012622539814 0.10416038219745342 
0 0.14758451168353742 0.7926899836613581 0.0797265492952787 0.10681665860689603 
0 0.2482153819157527 0.7902597280649039 0.1372357881986178 0.031351529634915866 
0 0.6135366329779992 0.7756508313692533 0.08972046925471379 0.10327221797062801 
0 0.496796021094689 0.7884118006779597 0.1539468765258789 0.12007522583007812 
0 0.7437688754155085 0.8355379104614258 0.14220611865703875 0.14110403794508714 
