0 0.8514657754164475 0.777483866764949 0.1137389403123122 0.11966235821063702 
0 0.586576901949369 0.8015857476454514 0.03236682598407452 0.048874855041503906 
0 0.6240435196803167 0.8180168592012845 0.03136110305786133 0.03545071528508113 
0 0.6836032317234919 0.3554514921628512 0.15667060705331656 0.1946101922255296 
0 0.5975652841421274 0.3678341828859769 0.06674751868614784 0.06715756196242112 
0 0.2725636408879207 0.47951346177321214 0.08908667931189904 0.0779721920306866 
0 0.7294168839087853 0.4833033084869385 0.09532451629638672 0.1037616362938514 
0 0.11554637780556312 0.5505073620722845 0.07275246656858005 0.05152108119084285 
0 0.5643489360809326 0.562918809744028 0.0979763544522799 0.06252472217266376 
0 0.8288673254159781 0.5725663808675913 0.06379406268780048 0.10436721948476937 
0 0.23304067208216742 0.6871523857116699 0.0927415077502911 0.10759991865891677 
0 0.3471871522756723 0.6823709561274602 0.1561412811279297 0.03427615532508263 
0 0.7614422944875864 0.6592739361983079 0.10397859720083383 0.10432877907386193 
0 0.6292492059560922 0.6746808932377741 0.17710157541128305 0.12247841174785908 
0 0.9106046603276179 0.7156014442443848 0.16428720034085786 0.14301204681396484 
