0 0.8469396371107835 0.6556114233457125 0.11036161276010367 0.12160679010244516 
0 0.5976455578437219 0.6902481592618502 0.03183309848491962 0.049080848693847656 
0 0.6334729561438928 0.7048478493323693 0.03050070542555589 0.035929313072791465 
0 0.6764708849099966 0.24777876413785493 0.15287725742046648 0.19659082706157976 
0 0.595628389945397 0.2635048811252301 0.06467712842501126 0.06837047063387357 
0 0.2921054638349093 0.3866970722491925 0.08598707272456242 0.0798642085148738 
0 0.7233576774597168 0.3715372085571289 0.09259407336895283 0.10530992654653695 
0 0.14595176164920515 0.46296011484586275 0.06987059116363525 0.05335099880511944 
0 0.5698525722210224 0.4566062230330247 0.09389752608079177 0.06514978408813477 
0 0.8197607260483962 0.4551536486699031 0.0629741228543795 0.1045851340660682 
0 0.2607364562841562 0.5923974697406476 0.09027691987844613 0.10895039485051082 
0 0.3683228034239549 0.5829798808464637 0.14775571456322303 0.039990975306584284 
0 0.7586061771099384 0.5431564954610971 0.10074498103215145 0.10622490369356595 
0 0.6342923457805927 0.5637627564943753 0.17000147012563852 0.12700179906991813 
0 0.9009831868685209 0.592349125788762 0.15854857518122747 0.14651944087101862 
