0 0.2086058763357309 0.7979446191054124 0.05692746089054988 0.08566863720233624 
0 0.5599807225740873 0.8498619152949407 0.157746461721567 0.21874259068415716 
0 0.45394257398752064 0.8928831907419058 0.11427589563223031 0.20792337564321664 
0 0.3086930513381958 0.0959326303922213 0.06804853219252366 0.06321404530451848 
0 0.6310241038982685 0.18942559682405913 0.08056207803579477 0.07495528001051682 
0 0.05594506888435437 0.14540956570551947 0.10402345141539207 0.12846136093139648 
0 0.6716084847083459 0.24934774178725022 0.0804606217604417 0.08501907495351937 
0 0.3050085031069242 0.2187739243874183 0.09773008639995868 0.09487344668461727 
0 0.751922607421875 0.2976760589159452 0.17078238267164964 0.2570060399862436 
0 0.1286607522230882 0.2381652960410485 0.07241304104144757 0.068833039357112 
0 0.7214272939241849 0.4649864343496469 0.08611627725454477 0.13489774557260367 
0 0.6654867759117713 0.4614423421713022 0.06951420123760517 0.15284453905545747 
0 0.4465385400331937 0.4725724733792819 0.10873570808997521 0.11523173405573918 
0 0.06289392709732056 0.4434870206392728 0.1257878541946411 0.14171233543982872 
0 0.6514343848595252 0.6192552309769851 0.0717471196101262 0.15062211110041693 
0 0.38270806349240816 0.6289589588458722 0.17411629970257098 0.17683139214148888 
0 0.2813103932600755 0.6310541813190167 0.03812059989342323 0.04033946990966797 
0 0.49795249792245716 0.6741428375244141 0.1577168978177584 0.17465063241811898 
