0 0.36999924366290754 0.9121447343092698 0.05654639464158278 0.08211913475623497 
0 0.7435280726506159 0.8888889459463266 0.15760054955115685 0.20903998154860276 
0 0.6419270038604736 0.9260875993909744 0.11175665488609901 0.1478248006449296 
0 0.3405488637777475 0.21498185854691726 0.06950536141028771 0.05925099666302021 
0 0.6918954849243164 0.23783494875981256 0.08228111267089844 0.07026265217707707 
0 0.08831969247414516 0.3153506792508639 0.10469739941450265 0.1221758769108699 
0 0.7452586614168607 0.28709876537323 0.08168183840238132 0.08025978161738469 
0 0.360016052539532 0.3340908747452956 0.09962294651911809 0.08915259287907527 
0 0.8375468254089355 0.3169088363647461 0.16963922060452974 0.24635747762826773 
0 0.1811629029420706 0.3895449638366699 0.07388695386739877 0.064604612497183 
0 0.8376913070678711 0.4844484329223633 0.0852810786320613 0.12949033883901742 
0 0.7791186112623948 0.49269931132976824 0.0666952866774339 0.14816573949960563 
0 0.5546061809246356 0.5490780977102426 0.11036968231201172 0.10879758688119742 
0 0.15091562271118164 0.6012774797586294 0.12951051271878755 0.13410058388343224 
0 0.7944823411794809 0.6476605672102708 0.06918577047494742 0.1458439093369704 
0 0.5181769957909217 0.7130453036381648 0.17710773761455828 0.16658335465651292 
0 0.4136227827805739 0.73620788867657 0.0386962890625 0.038084176870492786 
0 0.6460236402658316 0.7325422213627741 0.15972042083740234 0.16526449643648589 
