0 0.3486674198737511 0.8731548235966609 0.053918655102069564 0.08594769697922927 
0 0.720113570873554 0.8623890143174392 0.15087179037240836 0.21826634040245643 
0 0.6173807290884165 0.9104765743876879 0.10541578439565805 0.1790468506515026 
0 0.3401232407643245 0.12797264869396502 0.06752617542560284 0.060921283868642956 
0 0.6881836010859563 0.1655836563843947 0.07993456033559945 0.0722487339606652 
0 0.08678807432834919 0.22560452497922456 0.10072827797669631 0.127089445407574 
0 0.7396887632516714 0.22017026864565337 0.07903707944429837 0.08299664350656363 
0 0.35591150247133696 0.25582884825192964 0.09665938524099496 0.09185448059668908 
0 0.8304072526785043 0.2554587721824646 0.16175600198599008 0.2578432835065402 
0 0.17674046296339768 0.30828465865208554 0.07173450176532452 0.06649807783273551 
0 0.8255791297325721 0.434277369425847 0.08114873445951022 0.13567532025850737 
0 0.7671963618351862 0.4408794916593112 0.062056468083308294 0.1564177733201247 
0 0.5426776225750263 0.49260420065659744 0.10678555415226863 0.11252113489004281 
0 0.14043476489874032 0.5331263175377479 0.12511171744419977 0.13893846365121695 
0 0.7778478402357835 0.6068460024320163 0.06460930750920223 0.15383221552922174 
0 0.5016533044668344 0.6662337963397686 0.17159652709960938 0.17197579603928786 
0 0.39718785652747524 0.68702088869535 0.03744147374079777 0.039385282076322116 
0 0.6279723827655499 0.6918531747964712 0.154299075786884 0.17122235664954552 
