0 0.3323316757495587 0.77307679102971 0.059848895439734824 0.08632997366098258 
0 0.6943539472726675 0.7293281555175781 0.16550658299372747 0.22049757150503305 
0 0.5995872754317063 0.7997120710519644 0.1207867035498986 0.20939966348501352 
0 0.25854236346024734 0.06222716661599966 0.07083612221937913 0.06384203984187199 
0 0.6019609157855694 0.06678359439739814 0.08386435875525841 0.07569925372417156 
0 0.03699598404077383 0.17828749693357027 0.07399196808154766 0.12955326300400954 
0 0.6570841899284949 0.11427098512649536 0.08394149633554313 0.08580419650444618 
0 0.28519826668959397 0.18290222608126128 0.1018070441025954 0.09579225686880258 
0 0.7488309420072116 0.13979625816528612 0.17954664963942307 0.25898969861177296 
0 0.11472345773990338 0.2491389146217933 0.07540756922501785 0.06950780061575082 
0 0.7598163898174579 0.31099594556368315 0.09063089810884915 0.13591993772066557 
0 0.7033460690424993 0.3225610531293429 0.07394871344933143 0.15385185755216157 
0 0.4884944145496075 0.3921854862800011 0.11344575881958008 0.11629416392399715 
0 0.09899151439850147 0.46712493896484375 0.13354115990492013 0.1429874713604267 
0 0.7283291816711426 0.48009281892042893 0.07619601029616135 0.15163223560039812 
0 0.4636542797088623 0.561691192480234 0.1815201319181002 0.17850072567279524 
0 0.36339877201960635 0.590954487140362 0.03977071321927584 0.04071176969088041 
0 0.5893398798429049 0.5747751822838416 0.16468363541823167 0.17622272784893328 
