0 0.8812594780555139 0.8769613779508151 0.050201416015625 0.09145010434664212 
0 0.5139032143812913 0.8814977132357084 0.14130907792311448 0.231627317575308 
0 0.6177987318772536 0.9169312622398138 0.09653208805964543 0.1661374749472508 
0 0.861693418942965 0.065794798044058 0.06463292928842398 0.06353475497319148 
0 0.5192582607269287 0.12194425326127273 0.07650459729708158 0.07535459445073055 
0 0.4704278249007005 0.18359029293060303 0.0752097276540903 0.08712597993703988 
0 0.8509015303391677 0.20559896872593805 0.09234252342810997 0.09602119372441219 
0 0.3821333371675931 0.22595456471809974 0.150604614844689 0.2743501021311833 
0 0.9977896028699783 0.2548349087054913 0.00442079368692178 0.06943739377535306 
0 0.39362370050870454 0.4203062607691838 0.07531587894146259 0.14453517473660982 
0 0.4515481728773851 0.42493550594036394 0.055609703063964844 0.1680150032043457 
0 0.6752942892221304 0.4713921546936035 0.10159991337702824 0.11813559898963341 
0 0.44726327749399036 0.605980818088238 0.058237589322603665 0.16508069405188927 
0 0.7223478097182053 0.6585144813244159 0.16359674013577974 0.18018850913414589 
0 0.8263304783747747 0.6765616857088529 0.03562575120192308 0.04134772374079777 
0 0.5985201138716477 0.69191575050354 0.14648045026339018 0.18012556662926307 
