0 0.3333002237173227 0.745144770695613 0.03738278609055739 0.04973660982572115 
0 0.3511211321904109 0.1495836881490854 0.018489764286921576 0.02224874496459961 
0 0.5760488510131836 0.14949100292645967 0.013665712796724759 0.014066980435298039 
0 0.534764289855957 0.1645093055871817 0.022507374103252705 0.019952168831458457 
0 0.6285946185772235 0.1705008103297307 0.021705774160531852 0.027703248537503757 
0 0.3717379936805138 0.23364337591024545 0.03496830280010517 0.03653102654677171 
0 0.6122318964738113 0.21523132691016564 0.032755374908447266 0.025945039895864632 
0 0.7704640535207895 0.2492300271987915 0.02552186525785006 0.022787112456101637 
0 0.1324638449228727 0.30466243853935826 0.026726530148432806 0.020275207666250374 
0 0.5178416325495794 0.3673838285299448 0.03406091836782602 0.024742896740253154 
0 0.4596852522629958 0.40213894844055176 0.02943845895620493 0.019180774688720703 
0 0.19910853642683762 0.4537087403810941 0.05204668411841759 0.04044272349430965 
0 0.440822197840764 0.4879036866701566 0.042605106647198014 0.04492814724261944 
0 0.7879048127394456 0.47582386090205264 0.04129468477689303 0.027900879199688252 
