0 0.4086944506718562 0.8018969389108511 0.04200429182786208 0.051439065199631914 
0 0.6179151351635273 0.27721570088313174 0.02032180932851938 0.023323682638315055 
0 0.8106359335092398 0.3478652880742 0.014560992901141826 0.01509688450739934 
0 0.7703774158771222 0.34825493739201474 0.0233611326951247 0.021967007563664362 
0 0.84880858201247 0.38309619976924014 0.02416229248046875 0.028808190272404596 
0 0.6082017971919134 0.35854543172396147 0.03736253885122446 0.039113374856802136 
0 0.8202238082885742 0.41777856533343977 0.0334010491004357 0.029183461115910456 
0 0.9447055963369516 0.49780953847444975 0.02652124258188101 0.025055628556471605 
0 0.38009236409113956 0.3465368931110089 0.027080755967360277 0.023006145770733174 
0 0.6898108629079965 0.5235720597780668 0.034300804138183594 0.028331939990703877 
0 0.6286710042219895 0.5362296654627874 0.029220397655780498 0.022501028501070462 
0 0.3886461074535663 0.5002046731802133 0.05292162528404823 0.04566596104548527 
0 0.5845808065854586 0.6066624751457801 0.04560305522038387 0.04803287065946139 
0 0.8858528504004846 0.705052375793457 0.04118061065673828 0.03245969919057993 
