0 0.4494233498206505 0.7367163438063401 0.039312509390024036 0.051542428823617786 
0 0.4372908335465651 0.13555844930502084 0.01932514630831205 0.02314006365262545 
0 0.6604021145747259 0.12495275185658382 0.014162723834698018 0.014723933660067044 
0 0.6202017710759089 0.14202068402216986 0.023162988516000602 0.021031746497521035 
0 0.7135762067941519 0.14367484129392183 0.022766626798189603 0.028750804754403923 
0 0.46194911003112793 0.21932698213137114 0.03626717053926908 0.03821250108572153 
0 0.6995841906620905 0.18952791507427508 0.033552976754995495 0.027513834146352913 
0 0.8582435387831467 0.21640338347508356 0.026273507338303786 0.02401141019967886 
0 0.22815706179692194 0.3020968712293185 0.027332085829514723 0.02155452508192796 
0 0.6135700482588547 0.34730889247013974 0.034777164459228516 0.026372542748084433 
0 0.5576217174530029 0.3850600536052997 0.029945850372314453 0.02058748098520132 
0 0.30172518583444446 0.4492206940284142 0.05327448478111854 0.04293478452242338 
0 0.5432033722217267 0.47239241233238805 0.04420900344848633 0.04697726323054387 
0 0.8868856063255897 0.44399468715374285 0.04205667055570162 0.029874911675086387 
