0 0.4881333021017221 0.9022834117595966 0.03945515705988957 0.05592661637526292 
0 0.4460634635044978 0.2550584444632897 0.019279956817626953 0.025134838544405423 
0 0.6569834122290978 0.2402266630759606 0.014012336730957031 0.016022627170269307 
0 0.6197505180652325 0.2592221956986647 0.02275705337524414 0.022933079646183893 
0 0.7083326119642991 0.2595764765372643 0.022791715768667366 0.031209633900569037 
0 0.4736938293163593 0.3448951611152062 0.03590873571542593 0.04157532178438627 
0 0.6974031008206881 0.30917129149803746 0.03280991774338942 0.03005244181706355 
0 0.8491432116581843 0.33568952633784366 0.025821172274076022 0.026179423699012168 
0 0.2563206966106708 0.4376066097846398 0.02668175330528846 0.0235598270709698 
0 0.6239047417273889 0.4804064493912917 0.03389446551983173 0.028847144200251654 
0 0.5727981053865873 0.521917251440195 0.029074375446026143 0.022563384129450872 
0 0.3335285003368671 0.5949256053337684 0.05205524884737455 0.046910762786865234 
0 0.5635739289797269 0.6161892597491925 0.0437928346487192 0.05110527918888973 
0 0.8878633058988131 0.5803536635178786 0.04088328434870793 0.032720125638521634 
