0 0.49274387726416957 0.7349087641789362 0.03653038465059721 0.052098641028771035 
0 0.4796928809239314 0.10926460302793063 0.018051330859844502 0.02329593438368577 
0 0.26179181612454927 0.11034775238770705 0.013324590829702524 0.01471859675187331 
0 0.3016806015601525 0.12591032339976385 0.021922551668607272 0.020859800852262057 
0 0.2107388056241549 0.1326979031929603 0.021202454200157754 0.029014165584857646 
0 0.4591253353999211 0.19769174319047195 0.03409935877873348 0.038226035925058216 
0 0.2262739768395057 0.1796090052678035 0.031882212712214544 0.027106761932373047 
0 0.07274396602924053 0.2161608751003559 0.024859868563138522 0.023824710112351637 
0 0.6904229200803317 0.27105340590843785 0.026007688962496243 0.021177035111647386 
0 0.31663942337036133 0.3389755212343656 0.033137028033916764 0.025835807506854717 
0 0.37273326286902797 0.37518640664907604 0.02862416780911959 0.02001182849590595 
0 0.6248055604787973 0.42800156886761004 0.05065367772028996 0.04224839577308068 
0 0.39040037301870495 0.46519781992985654 0.0415495358980619 0.047014896686260514 
0 0.0542449951171875 0.45432761999276966 0.040159372182992786 0.02911795102632963 
