0 0.47399262281564564 0.8751546419583834 0.13216352462768555 0.2050016843355619 
0 0.6674914543445294 0.8760361303217136 0.22121330407949594 0.24792773878345123 
0 0.492236119050246 0.04341943905903743 0.03063491674569937 0.08683887811807486 
0 0.6014453264383169 0.05536633156813108 0.03284032528217022 0.06664767861366272 
0 0.5097917043245755 0.05861130127540001 0.027059334975022536 0.04894395974966196 
0 0.4672783888303317 0.05387710607968844 0.028789850381704476 0.053073571278498724 
0 0.7032141318688025 0.11377867139302768 0.08087789095365085 0.09824314942726722 
0 0.43407238446749175 0.09456867667344901 0.0366668701171875 0.055263056204869196 
0 0.525354788853572 0.11818500207020687 0.05319624680739183 0.07810061711531419 
0 0.27016035410074085 0.12608564358491164 0.03475088339585524 0.03798973560333252 
0 0.3699093781984769 0.14391914239296547 0.03600637729351337 0.07224947672623855 
0 0.7450560056246244 0.19511055029355562 0.1035920656644381 0.13095556772672212 
0 0.4396949547987718 0.17321239526455218 0.04325573260967548 0.057309086506183333 
0 0.26791131496429443 0.158118330515348 0.026764594591580905 0.04628652792710524 
0 0.48986152502206654 0.20301120097820574 0.04915120051457332 0.1104578238267165 
0 0.6778359779944787 0.26026214086092436 0.049669852623572715 0.1380739578833947 
0 0.34523547612703764 0.24878198366898757 0.040056852193979114 0.08582359093886155 
0 0.8339692262502817 0.33414429884690505 0.09064373603233924 0.197753539452186 
0 0.7464369993943435 0.3472641339668861 0.09185556265024039 0.17426698024456316 
0 0.3422822677172147 0.3224353056687575 0.15718678327707145 0.15529603224534255 
0 0.5237443997309759 0.3560938468346229 0.08654411022479717 0.08050184983473557 
0 0.5311356141017034 0.4187929446880634 0.08952467258159931 0.07295989990234375 
0 0.3785288150493915 0.4071795023404635 0.04451128152700571 0.09156880011925331 
0 0.40856326543367827 0.4185948555286114 0.03784601504986103 0.06589276974017803 
0 0.3334335180429312 0.4492373833289513 0.05058692051814152 0.11192996685321514 
0 0.21204022260812613 0.43840954853938174 0.042595203106219955 0.0742954841026893 
0 0.6963905187753531 0.5515314982487605 0.12987635685847357 0.16144092266376203 
0 0.19251400690812331 0.5909252350146954 0.049331389940702 0.07767028074998122 
0 0.24573752513298622 0.6049228448134202 0.08393483895521897 0.11433124542236328 
0 0.5196612614851731 0.01817208299270043 0.02345110819889949 0.03634416598540086 
0 0.41074129251333386 0.6811379652756911 0.07550643040583684 0.11864192669208233 
0 0.5565736843989446 0.7067934182974008 0.1930840565608098 0.23803182748647836 
