0 0.4262152084937462 0.9079803318644946 0.15906509986290565 0.18403933569788933 
0 0.6370822466336764 0.9064012305954328 0.2635600750262921 0.18719753823601282 
0 0.5086142833416278 0.09759442393596356 0.04032347752497746 0.09291036770893978 
0 0.6278217755831205 0.1241046327811021 0.040726735041691706 0.06803269569690411 
0 0.5266045056856595 0.11741552903101994 0.03310064169076773 0.05028697160574106 
0 0.4801208422734187 0.10813284378785354 0.035293945899376504 0.05446869593400221 
0 0.7355806644146259 0.1929569519483126 0.09525871276855469 0.10388079056373009 
0 0.44050035109886754 0.14484908947577843 0.0440070445720966 0.05745658507713905 
0 0.5393036512228159 0.17810362577438354 0.06368655424851638 0.08135308669163631 
0 0.2575654708422147 0.15835526814827552 0.04060681049640362 0.04055475271665133 
0 0.3661281145535983 0.18679685776050275 0.044590143057016224 0.07379585046034592 
0 0.7756071090698242 0.27803550316737247 0.12240336491511418 0.13800347768343413 
0 0.44082454534677357 0.22335155193622297 0.051311566279484674 0.06016320448655348 
0 0.2526966700187096 0.18983997748448297 0.0325775329883282 0.04768666854271522 
0 0.4938689195192777 0.2582871455412645 0.06177392372718224 0.11216888060936561 
0 0.6966875516451322 0.33530367337740385 0.06444945702185997 0.13890926654522234 
0 0.33111753830542934 0.28799530176016 0.05002289551955003 0.08735986856313852 
0 0.8631851489727314 0.42535261007455677 0.11346699641301082 0.2011101796076848 
0 0.7657713890075684 0.4288896597348727 0.11298465728759766 0.17855149049025315 
0 0.3223662284704355 0.3606283114506648 0.18240908476022574 0.16745721376859224 
0 0.5197712091299204 0.4135733751150278 0.10004843198336087 0.08736654428335336 
0 0.5232340922722449 0.47647412006671613 0.10270489179171048 0.08040960018451397 
0 0.3559736105111929 0.44848212829002965 0.05529484382042518 0.09340429306030273 
0 0.3882105533893292 0.46303396958571214 0.04609951606163612 0.06785774230957031 
0 0.30315261620741624 0.4852669605842003 0.06344402753389798 0.11375034772432767 
0 0.17022153964409462 0.4614256895505465 0.051894646424513594 0.07650246986976036 
0 0.6953878769507775 0.6258047177241399 0.15325084099402794 0.17036973513089693 
0 0.1373251905808082 0.6103794758136456 0.05946072248312143 0.08050925915057842 
0 0.194916858122899 0.6299946124737079 0.09980596945835994 0.11976374112642728 
0 0.5406087361849271 0.0769361463876871 0.028452579791729268 0.04062338517262386 
0 0.3710130728208102 0.7233127080477201 0.09099201055673453 0.12299530322735126 
0 0.5297620479877179 0.7644811776968149 0.22768299396221453 0.2513728508582482 
