0 0.5982305636772742 0.7690468201270471 0.11832651725182167 0.18671116462120643 
0 0.8051976790794959 0.7785287270179162 0.20215922135573167 0.27819560124323917 
0 0.521979386989887 0.006428224536088796 0.02213848554171049 0.012856449072177593 
0 0.6384899066044734 0.001423837043918096 0.027560967665452223 0.002847674087836192 
0 0.5425048241248498 0.003559946440733396 0.023409329927884616 0.007119892881466792 
0 0.4972689335162823 0.004472462890239863 0.024789149944598857 0.008944925780479725 
0 0.7521590086129996 0.030513937656696025 0.07559901017409104 0.06102787531339205 
0 0.4670117634993333 0.026846899794271357 0.033016901749830976 0.050221644198665254 
0 0.5656779179206262 0.039934197010902256 0.048143937037541315 0.0708290756894992 
0 0.2982933521270752 0.07402829252756558 0.03297750766460712 0.03350660892633291 
0 0.4051993260016808 0.08070584902396569 0.03031470225407527 0.06693030320681058 
0 0.805446954873892 0.09063730331567618 0.09623050689697266 0.11722848048576942 
0 0.4819147770221417 0.10145677511508648 0.03987385676457332 0.05152334616734432 
0 0.29959145876077503 0.10489002099403968 0.023403259424062874 0.04248469609480638 
0 0.5380623890803411 0.12473140771572407 0.039994973402756914 0.10295425011561467 
0 0.7422274076021634 0.1599223567889287 0.03731698256272536 0.1299491020349356 
0 0.3912492531996507 0.18353577302052423 0.03308655665471004 0.07979441606081449 
0 0.9148189104520358 0.21432653757242057 0.07445526123046875 0.184037630374615 
0 0.8242957408611591 0.23597422929910514 0.07851314544677734 0.160903288767888 
0 0.39656582245459926 0.2542659869560829 0.15110415678757888 0.13535686639639047 
0 0.5911868168757513 0.267576501919673 0.08378131573016827 0.0696262396298922 
0 0.6061261250422552 0.3267570917422955 0.0878755129300631 0.06192113802983211 
0 0.44436155832730806 0.33152395028334397 0.037211014674260065 0.08494703586284931 
0 0.47724223136901855 0.339315102650569 0.03304111040555514 0.06050788439237154 
0 0.4017612934112549 0.3764271369347206 0.04136881461510292 0.10424327850341797 
0 0.27290157171396107 0.37869895421541655 0.03717165726881761 0.06823205947875977 
0 0.7950369027944711 0.4364877480726976 0.12096801170935997 0.1442870360154372 
0 0.2698117677982037 0.5265564001523532 0.04403163836552547 0.07081952461829552 
0 0.32736649880042445 0.5344049563774695 0.07700611994816707 0.10304036507239708 
0 0.5095505164219782 0.5901172161102295 0.06742275678194486 0.10816108263455905 
0 0.6657986824329083 0.5994811424842248 0.18007238094623274 0.2125701904296875 
