0 0.41204190254211426 0.938495195685671 0.13370451560387245 0.12300960805553657 
0 0.6082229981055627 0.9286947982529035 0.22384445483867937 0.1426104029210714 
0 0.42932803814227766 0.15998310309190017 0.030925237215482272 0.09079870810875526 
0 0.5400473337907058 0.17491684051660392 0.03319986049945538 0.06535620872790997 
0 0.4471490749946007 0.177772920865279 0.027364547436053935 0.04800617694854736 
0 0.4040494148547833 0.17298541619227484 0.029113072615403395 0.052054680310762845 
0 0.6432877503908597 0.23249803139613226 0.08186116585364708 0.09645665608919583 
0 0.3704495613391583 0.2127313522192148 0.03709679383497972 0.054226270088782676 
0 0.4630103844862718 0.23618821914379412 0.053822957552396335 0.07664033082815316 
0 0.204348820906419 0.2430291726039006 0.03517961502075195 0.037311443915733926 
0 0.30548330453725964 0.2608508055026715 0.03640189537635216 0.07085094085106483 
0 0.6858174617473896 0.3123209476470947 0.10484394660362831 0.12855900250948393 
0 0.3762624263763428 0.28979328045478236 0.04377449475801908 0.05625275465158316 
0 0.20211540735684907 0.27440160054426926 0.027069605313814603 0.045403902347271256 
0 0.4271558614877554 0.31916191944709194 0.04967366732083834 0.10829839339623085 
0 0.6177753301767203 0.37590898000277007 0.05015857403094952 0.13533214422372672 
0 0.2806246097271259 0.363491205068735 0.040488829979529746 0.0841525151179387 
0 0.7761435875525842 0.44883641829857457 0.09161597031813401 0.19389706391554612 
0 0.68743713085468 0.4613807751582219 0.09287951542780949 0.1709117889404297 
0 0.2777375257932223 0.43563419121962327 0.1591506004333496 0.15257802376380333 
0 0.46172178708589995 0.46924636914179874 0.08763283949631911 0.07911113592294547 
0 0.46930437821608323 0.5306946130899283 0.09066611069899339 0.07173960025493915 
0 0.3146006235709557 0.5187802314758301 0.04499683013329139 0.08979225158691406 
0 0.3450609537271353 0.5300688926990216 0.03827663568349985 0.0646353868337778 
0 0.2689513609959529 0.5598227427555964 0.051127177018385664 0.10974458547738883 
0 0.1458877416757437 0.548787887279804 0.04307963297917293 0.07287751711331882 
0 0.6370036418621356 0.6613119932321402 0.13144984612098107 0.1584942891047551 
0 0.12631573126866266 0.6981288102956918 0.049904859983004056 0.07620510688194862 
0 0.18028494944939247 0.7120288335360013 0.08493696726285495 0.11221540891207181 
0 0.4570925235748291 0.13671676012185904 0.02372011771568885 0.03860805584834172 
0 0.34764801538907564 0.7872728934654822 0.07638450769277719 0.11640446002666767 
0 0.49550533294677734 0.812919543339656 0.19542628068190354 0.23369290278508112 
