0 0.5758531460395226 0.8260287871727576 0.1126843599172739 0.18285729334904596 
0 0.7657074928283691 0.83008179297814 0.19158282646766076 0.2729756281926082 
0 0.4841779562143179 0.054740927540338956 0.022289789639986478 0.08500500137989338 
0 0.5909869304070106 0.05461084728057568 0.026666897993821364 0.06027144881395193 
0 0.5034028383401724 0.06919331733997051 0.022479534149169922 0.044022285021268405 
0 0.4619609209207388 0.0702088475227356 0.023832284487210788 0.04778156830714299 
0 0.6963503177349384 0.09555578461060157 0.07126661447378305 0.08620516611979558 
0 0.43539905548095703 0.11189934382071862 0.03139943342942458 0.049209035359896146 
0 0.5261408182290884 0.12211198073167068 0.045730334061842695 0.06943288216224083 
0 0.28212897594158465 0.1616692955677326 0.03097952329195463 0.03305221520937406 
0 0.38024412668668306 0.16548312168854934 0.029307842254638672 0.06530432517711933 
0 0.7471685042748084 0.1651970881682176 0.09084679530217098 0.11525192627540001 
0 0.45108670454758865 0.1836451292037964 0.03771085005540114 0.05060575558589055 
0 0.2841601004967323 0.1914665148808406 0.0224149410541241 0.04153662461500902 
0 0.5031566619873047 0.20475439841930682 0.03900307875413161 0.10031903707064115 
0 0.6911454567542443 0.23372562115009016 0.0371698232797476 0.1263569685129019 
0 0.3702703806070181 0.2652174692887526 0.03214245576124925 0.07779418505155124 
0 0.8507351141709548 0.2820471433492807 0.0724336917583759 0.17938683583186224 
0 0.768400449019212 0.3052063538477971 0.07561969757080078 0.15710819684542143 
0 0.37707040860102725 0.33345017983363223 0.14153176087599534 0.13388250424311712 
0 0.5557193205906794 0.3415086819575383 0.07834922350369967 0.06899019388052133 
0 0.5710193193875827 0.3983404819781964 0.08192282456618089 0.06162548065185547 
0 0.4229622437403752 0.4069430644695575 0.03603916901808519 0.08285786555363582 
0 0.4532957077026367 0.4136614982898419 0.03165787916917067 0.059151686154879056 
0 0.3851626469538762 0.45139622688293457 0.040291199317345254 0.1015926874600924 
0 0.2671805711892935 0.4567745832296518 0.035619185521052435 0.06670104540311374 
0 0.7470678549546462 0.49973451174222505 0.11412994678203876 0.1419053444495568 
0 0.26838400730719936 0.5997618711911715 0.04196289869455191 0.06934052247267503 
0 0.32132211098304164 0.6059264036325308 0.07291008875920223 0.10114999917837289 
0 0.5073923331040603 0.029299577268270347 0.01974179194523738 0.03526092148744143 
0 0.4897347413576566 0.6552752898289607 0.06424863521869366 0.10590578959538387 
0 0.6331239113440881 0.6604669827681321 0.16984220651479867 0.20909870587862456 
