0 0.19021909970503587 0.8623173053448017 0.04689174432020921 0.14073988107534555 
0 0.34369401748363787 0.8675603499779334 0.08840151933523324 0.10593832456148587 
0 0.28585136853731596 0.8729436214153583 0.0375982798062838 0.07042774787315956 
0 0.6783798841329721 0.8626559330866888 0.17297183550321138 0.18120604294996995 
0 0.5298555080707257 0.885235859797551 0.07320602123553936 0.09630349966195914 
0 0.23248350620269775 0.949515342569122 0.04031003438509428 0.10096931428863452 
0 0.19471192359924316 0.9566496700908129 0.053646784562330976 0.08670065924525261 
0 0.5362341770758996 0.1705328684586745 0.04717881862933819 0.06454614492563102 
0 0.24670945681058443 0.9951138128168308 0.03467706533578726 0.009772373793216852 
0 0.8216820496779221 0.9376224736468151 0.15877929100623497 0.1247550521332484 
0 0.6602189724261944 0.9765956950588868 0.13053409869854266 0.04680860930910477 
0 0.4815970750955435 0.19234327169565055 0.05632242789635292 0.07642492881188026 
0 0.5039818103496845 0.22313979955819938 0.023977059584397536 0.06849072529719426 
0 0.40303703454824596 0.2319089907866258 0.03879253680889423 0.09715889050410344 
0 0.36454418989328236 0.2554803994985727 0.03198333886953501 0.054911283346322864 
0 0.43741169342627895 0.25446431453411394 0.0287777460538424 0.03824267020592323 
0 0.5232982268700233 0.10227851684276874 0.05954881814809946 0.038479034717266374 
0 0.5229696127084585 0.28854647049537074 0.050878157982459433 0.064727233006404 
0 0.3466910949120155 0.29845248735868013 0.02923275874211238 0.04842596787672777 
0 0.4520745644202599 0.30605006217956543 0.05262308854323167 0.07624380405132587 
0 0.37831515532273513 0.31476398614736706 0.06345484806941105 0.09836629720834586 
0 0.3327648639678955 0.34633509929363543 0.02278280258178711 0.041759527646578275 
0 0.24398060028369611 0.3506818367884709 0.019424713574923 0.04921594032874474 
0 0.6876923854534442 0.35192097150362456 0.07726456568791316 0.1320657730102539 
0 0.38093124903165376 0.37331799360421986 0.03820577034583458 0.05648601972139799 
0 0.3020687928566566 0.3784546668712909 0.03312079723064716 0.08036947250366211 
0 0.6064856235797589 0.11096276686741756 0.054520606994628906 0.06363544097313514 
0 0.1933452716240516 0.40674015191885143 0.016503517444317158 0.03891189281757061 
0 0.27742453721853405 0.4077265812800481 0.031546409313495345 0.07267167018010066 
0 0.4490549564361572 0.40442661138681263 0.05076169967651367 0.14473966451791617 
0 0.6400351524353027 0.41931475125826323 0.05108488523043119 0.12443344409649189 
0 0.3482988430903508 0.4450789781717154 0.055239163912259616 0.13479779316828802 
0 0.17471404259021467 0.45995591236994815 0.03473393733684833 0.06139659881591797 
0 0.24786588778862587 0.46530439303471494 0.03300701654874361 0.07782374895535983 
0 0.4257187293126033 0.46297550201416016 0.021283406477708083 0.0632783449613131 
0 0.8037342658409705 0.4597768416771522 0.09052379314716046 0.18097980205829328 
0 0.7500071158775916 0.5019538769355187 0.09130184467022236 0.17085687930767351 
0 0.5333950702960675 0.5495541095733643 0.07582481090839092 0.07229926035954402 
0 0.4077311479128324 0.5582577998821552 0.042473829709566556 0.06939631242018479 
0 0.3477066480196439 0.5701263501093938 0.12347661531888522 0.1749723141009991 
0 0.5543372631072998 0.6033837611858661 0.09022400929377629 0.06411325014554538 
0 0.1589624698345478 0.6329462711627667 0.03055884287907527 0.10564664693979117 
0 0.40621097271259016 0.6348740320939285 0.03672438401442308 0.10594855822049655 
0 0.434686330648569 0.6360313525566688 0.0361945078923152 0.06654860423161434 
0 0.21308499116163987 0.6826001314016489 0.054290441366342396 0.14110205723689154 
0 0.24292528629302979 0.7143073815565842 0.034847681338970475 0.06394246908334586 
0 0.49622563215402454 0.7133874526390662 0.08210141842181866 0.15770508692814753 
0 0.2564507264357347 0.7404348666851337 0.03769394067617563 0.045029860276442304 
0 0.16292267579298753 0.7769061968876765 0.05009999642005333 0.07485015575702374 
0 0.2540774712195763 0.7979574203491211 0.06131175848153921 0.07793940030611478 
