0 0.18052187791237465 0.8252381178048941 0.07753932476043701 0.15167991931621844 
0 0.35702813588655913 0.8024444213280311 0.11821258985079251 0.1239765607393705 
0 0.29179091636951154 0.8186349135178786 0.05472889313331017 0.07851131145770733 
0 0.7390846839317908 0.7358655562767615 0.22672609182504508 0.21607743776761568 
0 0.5731028776902419 0.7864818206200233 0.09939736586350661 0.11138013693002555 
0 0.24433800807366005 0.9088682761559119 0.06360257588900052 0.11270596430851863 
0 0.20322957405677208 0.9282594827505258 0.07785562368539664 0.11066862253042367 
0 0.45554498525766224 0.04724547725457411 0.06449376619779147 0.07430283381388737 
0 0.27274945149054897 0.9721203582504621 0.04962886296785795 0.05575928292595423 
0 0.9078358135257776 0.8511476149925818 0.18432837237532324 0.28245126284085786 
0 0.7487709705646222 0.9110149235392992 0.1765304712148813 0.17797015234827995 
0 0.3968450106107272 0.0798108852826632 0.07688250908484826 0.08806234139662522 
0 0.42783535443819487 0.10749979202563946 0.039038584782527044 0.07402834525475135 
0 0.31387660136589635 0.13510892482904288 0.06076510135944073 0.10589670217954196 
0 0.2739548499767597 0.16652564819042498 0.04567857889028696 0.0617065246288593 
0 0.3571448876307561 0.15208356197063738 0.039141398209791914 0.04417566152719351 
0 0.4288212519425612 0.002092931133050185 0.07386035185593826 0.00418586226610037 
0 0.4609855321737436 0.17155447831520668 0.068694518162654 0.07516981088198148 
0 0.2610362401375404 0.21418366065392128 0.041440872045663685 0.05460819831261268 
0 0.38293246122506946 0.20266045056856596 0.07268175711998573 0.08719539642333984 
0 0.30006678287799543 0.22521592103517973 0.08877024283775917 0.11167641786428598 
0 0.2534681191811195 0.2661909873668964 0.03300239489628719 0.04664292702308068 
0 0.15264963645201463 0.28699804269350493 0.030526243723355807 0.05360040297875038 
0 0.6605157668773944 0.20672496465536264 0.11024625484759991 0.14847203401418832 
0 0.31328898209791917 0.2852030167212853 0.05296729161189152 0.06445547250600961 
0 0.2239599869801448 0.3050022583741408 0.05142738268925594 0.08778782991262582 
0 0.5255128236917349 0.005091311266789069 0.07260788404024564 0.010182622533578139 
0 0.10451104090763973 0.35419530134934646 0.025426259407630332 0.042589847858135514 
0 0.20087826251983643 0.3397604777262761 0.048302485392643854 0.07967451902536246 
0 0.39666370245126575 0.30480756209446835 0.08260242755596454 0.15645905641409066 
0 0.6177646196805514 0.28508086387927717 0.07940365717961238 0.13588298284090483 
0 0.2884906897178063 0.3653073861048772 0.08590391966012809 0.14718250127939078 
0 0.09249167029674236 0.41257482308607835 0.0499163086597736 0.06880477758554313 
0 0.17711889743804932 0.40465309069706845 0.05085250047536997 0.08517973239605243 
0 0.38019306843097395 0.3695593247046837 0.03508835572462816 0.06823415022629958 
0 0.8121209144592285 0.29677814703721267 0.13377123612623948 0.20062751036423904 
0 0.7580199608435998 0.3502086400985718 0.13287206796499398 0.19048391855680025 
0 0.5185102499448336 0.4391772747039795 0.09813686517568734 0.08746987122755784 
0 0.3762589417971097 0.4712620515089769 0.06004249132596529 0.07836312514085036 
0 0.30965842650486874 0.4945508883549617 0.16985355890714204 0.2006057592538687 
0 0.5518739590278039 0.4909173892094539 0.11292784030620868 0.08180926396296574 
0 0.10469105610480675 0.5941147070664626 0.052975397843580976 0.11300226358266977 
0 0.38790425887474644 0.5506620773902307 0.05997661443857046 0.11444715353158805 
0 0.4206850528717041 0.5466235050788293 0.052466355837308444 0.074310119335468 
0 0.1752868386415335 0.6354440175569974 0.08594088370983417 0.15341384594257063 
0 0.2149661687704233 0.6627030739417443 0.0504911862886869 0.07141304016113281 
0 0.5046057517711933 0.6151973284207858 0.12019579227154072 0.17542032095102164 
0 0.23500494773571307 0.6871986389160156 0.050380395008967474 0.052718822772686295 
0 0.13437114770595843 0.7420522983257587 0.06959376885340764 0.08531335683969352 
0 0.24233868488898644 0.7470375941349909 0.08277095281160794 0.09052247267503005 
