0 0.15906372895607582 0.9021849632263184 0.053520927062401406 0.16149146740253156 
0 0.32515090245466965 0.9067384279691256 0.0976111888885498 0.12206268310546875 
0 0.2627060138262235 0.9134496908921462 0.042038605763362005 0.08094618870661809 
0 0.6870050613696759 0.8967312297855432 0.19045415291419396 0.20653753985579199 
0 0.5268431626833402 0.9252197192265437 0.0810095346890963 0.11089346959040715 
0 0.20658937784341666 0.9718398312823131 0.04564976692199707 0.05632033686225231 
0 0.1659878950852614 0.9801554678437802 0.05995497336754432 0.03968906373931812 
0 0.5190632159893329 0.10673105258208054 0.05225915175217848 0.07430697404421292 
0 0.8447994085458609 0.9551862201725061 0.17653435927170974 0.08962755908186619 
0 0.46042246084946853 0.13222321180196908 0.06237437174870418 0.08798652428847092 
0 0.48526347600496733 0.16727769374847412 0.02729514928964468 0.07860046166640061 
0 0.37627418224628156 0.1782736090513376 0.043879215533916764 0.11154566361353947 
0 0.33512916931739223 0.20562976140242356 0.035657479212834284 0.06313773301931527 
0 0.4139127731323242 0.20377752414116493 0.03185338240403395 0.04403365575350248 
0 0.5036714993990384 0.028693155887035224 0.06507426041823167 0.04459622674263441 
0 0.5071416451380804 0.24199743454272932 0.05625618421114408 0.07454936320965107 
0 0.3167040256353525 0.2550071569589468 0.03255453476539025 0.055690581981952376 
0 0.4308297634124756 0.2627113415644719 0.05837730260995718 0.08774412595308743 
0 0.35123971792367786 0.27338707447052 0.0705260496873122 0.11316143549405612 
0 0.3026265181027926 0.3099706264642569 0.02545455785898062 0.04800101426931528 
0 0.20669771157778227 0.31578733370854306 0.02198342176584097 0.05650135187002329 
0 0.6865870035611666 0.31301269164452183 0.08612830822284405 0.1518542583172138 
0 0.3552715044755202 0.34041434067946214 0.04240685242872972 0.06499877342810997 
0 0.2700891127953163 0.34704185449160063 0.03741044264573317 0.09228003942049466 
0 0.5938150515923133 0.03785154370304484 0.0601655886723445 0.07333458551707175 
0 0.15308809738892776 0.3804600238800049 0.01861754747537466 0.044682906224177435 
0 0.2440381141809317 0.3807949102841891 0.035552189900324896 0.08345651626586914 
0 0.42958457653339094 0.37539393168229324 0.05778092604417067 0.1661052153660701 
0 0.6364309237553523 0.3906378379234901 0.05771086766169621 0.14287215012770432 
0 0.32145411234635574 0.42289849428030163 0.062409125841580905 0.15477140133197492 
0 0.13403180012336144 0.4415751237135667 0.03876036864060622 0.07058488405667819 
0 0.21325365396646354 0.4470084630526029 0.03723509495074932 0.08936581244835487 
0 0.40554948953481823 0.4426606251643254 0.02427988785963792 0.07261041494516227 
0 0.8142986297607422 0.4354250064262977 0.10145011314978966 0.20795172911423904 
0 0.7570601976834811 0.48423103185800404 0.102081298828125 0.19637555342454177 
0 0.5237770080566406 0.5407867064842811 0.08334123171292819 0.0834506108210637 
0 0.38805319712712216 0.551941284766564 0.047280311584472656 0.07981226994441105 
0 0.32338187327751744 0.5660996620471661 0.13689750891465408 0.20139022973867562 
0 0.547531036230234 0.6022308422968938 0.09871581884530875 0.07422029055081882 
0 0.12054968797243558 0.6398205390343299 0.035166336939885065 0.12118002084585336 
0 0.3879826619074895 0.6396912794846755 0.041828082158015326 0.12158379187950721 
0 0.41880189455472505 0.6407474554502047 0.04044334705059345 0.0764941802391639 
0 0.1801016880915715 0.6961691746344933 0.06151500115027794 0.16197619071373573 
0 0.21302443284254807 0.7321960375859187 0.03893569799569937 0.07349916604849008 
0 0.48694386849036586 0.7287486149714544 0.09187837747427133 0.18123890803410456 
0 0.22818847802969125 0.7619876127976638 0.041618017049936146 0.05188472454364483 
0 0.12778915350253767 0.8046361116262583 0.05562498936286339 0.08612552055945763 
0 0.22680324774522048 0.8278808960547814 0.06779138858501728 0.08976679581862229 
