0 0.12508647716962373 0.7251472106346717 0.055868488091688887 0.16374786083514875 
0 0.29295965341421276 0.7259152852571927 0.09990259317251352 0.12509470719557542 
0 0.22993974502270037 0.734126091003418 0.04335287901071402 0.08243017930250901 
0 0.65849074950585 0.7087189784416785 0.19458847779494065 0.21472575114323542 
0 0.49696911298311675 0.7399169114919809 0.0830218241764949 0.11347000415508564 
0 0.1742646602483896 0.825917647435115 0.04743482516362117 0.12071822239802434 
0 0.13340152685458845 0.8411428378178523 0.06181239164792574 0.11607940380389874 
0 0.19216156005859375 0.9056641872112567 0.039820194244384766 0.07045943920428936 
0 0.8197157933161809 0.8579795909329102 0.18143756573016828 0.2840408175610579 
0 0.6445533679081843 0.9059582121956807 0.14789999448336089 0.18808357503551704 
0 0.4462731251349816 0.007964314176486088 0.028449021852933444 0.015928628352972176 
0 0.3362720196063702 0.023151915806990404 0.0455631842980018 0.04630383161398081 
0 0.295010860149677 0.025202249105160054 0.03670853834885817 0.05040449821032011 
0 0.37459569710951585 0.01853205607487605 0.03264959041888897 0.0370641121497521 
0 0.4692355669461764 0.05095757085543413 0.05762525705190805 0.07632312178611755 
0 0.2769589974330022 0.06847296082056485 0.03349161148071289 0.05679584007996779 
0 0.3923643919137808 0.07361747095218071 0.05991781674898588 0.08965003719696632 
0 0.3120657480680026 0.08622370889553657 0.07246978466327374 0.11550885668167701 
0 0.2633641224641066 0.12425883916708139 0.026238716565645658 0.048893249951876126 
0 0.16650053171011117 0.13233847801501936 0.022834227635310247 0.05736638949467586 
0 0.651367737696721 0.11848182173875663 0.08865965329683743 0.15480679273605347 
0 0.31690741502321684 0.1537654583270733 0.043540422733013444 0.0663911746098445 
0 0.2309116950401893 0.16241567868452805 0.03881359100341797 0.09372775371258076 
0 0.11307210188645583 0.19883238352262056 0.019301542868980996 0.0453955576970027 
0 0.20497539410224327 0.1970748076072106 0.036836752524742715 0.08480572700500488 
0 0.39239694521977353 0.18734977795527533 0.06022024154663086 0.1684892727778508 
0 0.6015772452721229 0.19796598416108352 0.05988150376539964 0.14510874564831072 
0 0.28368186950683594 0.23777617858006403 0.0647594745342548 0.15719177172734186 
0 0.09451693984178397 0.2609403500190148 0.03992544229214008 0.07192769417395958 
0 0.17462803767277643 0.26459760849292463 0.03860312241774339 0.09079117041367751 
0 0.368881500684298 0.2557797890443068 0.025337402637188252 0.07362987444950984 
0 0.7818147952740009 0.23906085582879874 0.1047672858605018 0.21161208702967718 
0 0.7245379227858323 0.28962790966033936 0.1052705324613131 0.19997796645531288 
0 0.48946730907146746 0.35207106516911435 0.08505802888136643 0.08590896313007061 
0 0.35245438722463757 0.3664538126725417 0.04862891710721529 0.08141081149761493 
0 0.28727008746220517 0.3822305752680852 0.14045953750610352 0.20583218794602615 
0 0.5141730858729436 0.4135246460254376 0.10046515097984901 0.07697747303889348 
0 0.08316496931589566 0.4612928537222055 0.03688268936597384 0.1227571047269381 
0 0.35338829113886905 0.455000638961792 0.043609362382155195 0.12331819534301758 
0 0.38454134647662824 0.4553562311025766 0.04169174341055063 0.07791313758263221 
0 0.14398414355057937 0.5167799546168401 0.06394043335547814 0.16442111822275016 
0 0.17766326207381028 0.5523747114034799 0.04013595214256874 0.07486427747286283 
0 0.45440274018507737 0.5425848410679743 0.09480072901799129 0.184509460742657 
0 0.19332688588362473 0.5820868015289307 0.04259313069857084 0.053176549764779896 
0 0.09236799753629245 0.6274350239680364 0.057121918751643255 0.08795723548302284 
0 0.19268199113699105 0.6486091430370624 0.06944036483764648 0.0919038699223445 
