0 0.057311416818545416 0.7577276596656213 0.06312925769732548 0.1460721676166241 
0 0.2291637475673969 0.7520001851595365 0.1064305855677678 0.11380158937894382 
0 0.16497331857681274 0.7616667380699744 0.047269041721637435 0.07412059490497296 
0 0.6026415458092322 0.722841923053448 0.2061899625338041 0.19623345595139724 
0 0.4385059613447923 0.756597115443303 0.08881301146287185 0.10293292999267578 
0 0.11147939700346726 0.8449704830463116 0.052894729834336504 0.10792878957895133 
0 0.07023386084116422 0.8599948149461013 0.06734029604838444 0.10440694368802585 
0 0.38945806943453276 0.030711795275027935 0.057432908278245196 0.06142359055005587 
0 0.13283045016802275 0.9148138486422025 0.04321502722226656 0.06346321105957031 
0 0.7734968112065241 0.8524076755230243 0.19580496274507964 0.26402928278996396 
0 0.5960607161888709 0.9020590782165527 0.15804547529954177 0.17946279965914214 
0 0.33013953612400937 0.05319146811962128 0.06851407197805551 0.08155742287635803 
0 0.35756505452669585 0.08299452524918777 0.032005640176626354 0.07116957811208871 
0 0.2454932194489699 0.09922617673873901 0.050704167439387396 0.10130549394167386 
0 0.20434711529658392 0.12605179731662458 0.039815315833458535 0.05798393946427565 
0 0.28566439335162824 0.11975623552615826 0.03494336054875301 0.04085400471320519 
0 0.3839162313021146 0.14835198108966535 0.06155102069561298 0.0693043928879958 
0 0.18778166404137245 0.17118037663973296 0.03625198510976938 0.051210183363694414 
0 0.30609814937298113 0.17132572944347674 0.06439594122079703 0.08110569073603703 
0 0.22438957140995905 0.1855389934319716 0.07815841528085563 0.1043172157727755 
0 0.17598865582392767 0.22103526042057917 0.02857054196871244 0.043984633225661054 
0 0.0771532219189864 0.23187750119429368 0.025433856707352858 0.0512999938084529 
0 0.5729020192072942 0.201118331689101 0.09613844064565805 0.1394806458399846 
0 0.23191402508662298 0.24508695419018084 0.04684242835411659 0.06003139569209172 
0 0.14422389635672936 0.2560190145785992 0.043086813046382025 0.08387435399568997 
0 0.024996665234749135 0.29272260115696835 0.02137982501433446 0.040642646642831654 
0 0.11899553812467135 0.28766080049368054 0.04073264048649715 0.07595667472252479 
0 0.31045713791480434 0.27190735706916225 0.06773812954242413 0.15040744267977202 
0 0.5249630854679987 0.2733129354623648 0.06649362123929538 0.12984569256122297 
0 0.2011019541667058 0.320652594933143 0.07192041323735164 0.1406536102294922 
0 0.01502820161672739 0.3483579158782959 0.03005640323345478 0.064757750584529 
0 0.0905022667004512 0.34853495084322417 0.04275964773618258 0.08128532996544471 
0 0.288991038615887 0.33332309356102574 0.028605882938091572 0.06569029734684871 
0 0.7110045139606183 0.30277790473057675 0.11470875373253456 0.19002769543574408 
0 0.6543031655825101 0.3496844401726356 0.11477283331064078 0.17982207811795747 
0 0.4160764584174523 0.4138793395115779 0.08982317264263447 0.07878872064443734 
0 0.27638671031365025 0.43182820540208083 0.052596330642700195 0.07342837407038762 
0 0.21026872671567476 0.4482685969426082 0.15079063635606033 0.18632639371431792 
0 0.4437008821047269 0.4672849361713116 0.10515077297504132 0.0715340834397536 
0 0.012744126411584707 0.525979390511146 0.025488252823169414 0.109313047849215 
0 0.28071034871614897 0.5101018135364239 0.04910370019766001 0.11006593704223633 
0 0.3126099659846379 0.5092273492079514 0.04540560795710637 0.07008633246788612 
0 0.06872876446980697 0.5727300827319806 0.07136556506156921 0.14697555395273063 
0 0.10455414423575768 0.6029241635249212 0.04370576601762038 0.06734679295466496 
0 0.3874327586247371 0.5837046183072604 0.10352816948523888 0.16582276270939753 
0 0.12171636177943303 0.6286032199859619 0.04537026698772724 0.04838074170626127 
0 0.025425101702029888 0.6725613887493427 0.050850203404059775 0.07950995518611027 
0 0.12358639331964347 0.687459028684176 0.07416850786942703 0.08345420543964092 
