0 0.46624042437626767 0.08014891697810246 0.20324182510375977 0.16029783395620492 
0 0.5780610671410193 0.09394162320173703 0.07163671346811148 0.1450599363216987 
0 0.6361893507150503 0.09446486601462731 0.06712906177227314 0.09645501466897818 
0 0.24857777815598708 0.13827175818956816 0.04580538089458759 0.07964892570789044 
0 0.5246012944441575 0.15299986875974214 0.08411051676823543 0.3059997375194843 
0 0.2917013351733868 0.18084276639498198 0.07662035868718074 0.11826661916879508 
0 0.11843698758345383 0.19717890941179717 0.06973934173583984 0.21149940674121565 
0 0.222130509523245 0.2581908702850342 0.0739747744340163 0.23581970655001128 
0 0.27203144476963925 0.28548367206866926 0.07797008294325608 0.1208347540635329 
0 0.9624296333640814 0.3229729120547955 0.07514073269871566 0.25747095621549165 
0 0.8659281363854041 0.01796625554561615 0.1701032198392428 0.0359325110912323 
0 0.8028152539179876 0.4347056975731483 0.12294468512901893 0.12635164994459885 
0 0.5857837750361516 0.022906170441554144 0.08569607367882362 0.04581234088310829 
0 0.4614707506619967 0.47637253541212815 0.1666985291701097 0.14080363053541917 
0 0.34067790324871355 0.5264159716092623 0.059417394491342396 0.1155556898850661 
0 0.9622145431259503 0.6054535278907189 0.07557091317497767 0.24083144848163313 
