0 0.45934455211345965 0.11609348883995643 0.23248896232018104 0.23218697767991286 
0 0.5560756096473107 0.16383893673236555 0.09502594287578876 0.16611168934748724 
0 0.6105871383960431 0.17450337685071504 0.08143450663639949 0.11384381697728084 
0 0.23797484544607309 0.15367229168231672 0.05823395802424504 0.09233350020188552 
0 0.49534561083867 0.21246641186567453 0.13949860059298003 0.34844327431458694 
0 0.27028311215914214 0.20642968324514535 0.09452445690448467 0.13859814863938552 
0 0.10434927160923298 0.19366741868165824 0.10606089463600746 0.23615637650856605 
0 0.19000884661307701 0.27656269531983596 0.11471494344564584 0.2626538551770724 
0 0.2316299401796781 0.31425594366513765 0.0962830690237192 0.1415532002082238 
0 0.9066408596073205 0.48568811783423793 0.1867182802122373 0.3088349929222694 
0 0.8464851012596717 0.1038582049883329 0.1767693299513597 0.12596730085519645 
0 0.7015420473538913 0.5651984031383808 0.13944508479191706 0.15521926146287185 
0 0.5825392466325027 0.06063301288164579 0.10007847272432767 0.12126602576329158 
0 0.3728109231361976 0.5501377215752234 0.18318724632263184 0.17813730239868164 
0 0.24967664938706619 0.582335141988901 0.07789905254657452 0.1327346655038687 
0 0.8790921798119178 0.7856805874751165 0.2381456081683819 0.29071785853459287 
