0 0.537792444229126 0.04902494870699369 0.24917848293597883 0.09804989741398738 
0 0.6297211280235877 0.058108471907102145 0.10677499037522536 0.11621694381420429 
0 0.6836322637704703 0.053181616159585804 0.08903033916766827 0.10636323231917161 
0 0.31093446108011097 0.020647764205932617 0.06461321390592135 0.041295528411865234 
0 0.5647909091069148 0.12280315619248611 0.1658183611356295 0.24560631238497221 
0 0.3391500161244319 0.05948031407136183 0.10390107448284443 0.11896062814272367 
0 0.17345858078736526 0.06891997502400325 0.12357677863194393 0.1378399500480065 
0 0.25285248573009783 0.1195146762407743 0.13428700887239897 0.2390293524815486 
0 0.2916371547258817 0.15084428053635818 0.1058668173276461 0.1419665263249324 
0 0.9264203583678374 0.3810524023496188 0.14715928269120362 0.3130354147690993 
0 0.9174780844209286 0.03461587429046631 0.16504383058502123 0.06923174858093262 
0 0.7435774803161621 0.4373137033902682 0.14900640340951773 0.15896445054274339 
0 0.4145039595090426 0.3930191718615018 0.1935122930086576 0.18468598219064566 
0 0.28819653621086705 0.41323346358079177 0.08723235130310059 0.13191824692946214 
0 0.8879379124309008 0.6677890374110296 0.22412417456507683 0.29549389619093674 
