0 0.4198468098273644 0.0998845650599553 0.20790954736562875 0.1997691301199106 
0 0.5289065287663386 0.1195031083547152 0.07873175694392277 0.13859192224649283 
0 0.5833777647752029 0.11419221758842468 0.07060623168945312 0.09377496517621554 
0 0.2249440596653865 0.19284296035766602 0.04928929989154522 0.07663550743689904 
0 0.48437923651475173 0.17463538165275866 0.10407612873957707 0.2951495670355283 
0 0.26962862564967227 0.22746532696944016 0.08124573414142315 0.11450758347144493 
0 0.10907808863199674 0.259655420596783 0.08229271723673894 0.19918350073007438 
0 0.21233523808992827 0.30510358627025896 0.0882124534020057 0.2217730192037729 
0 0.2618166024868305 0.32508406272301305 0.08271589645972618 0.11696800818810096 
0 0.9332071816405425 0.28399846187004674 0.13358563614579347 0.25268178719740647 
0 0.7879131757296048 0.022441079983344443 0.16658856318547174 0.044882159966688887 
0 0.7738427015451285 0.4086357813615065 0.12527179718017578 0.12575131196242112 
0 0.5260411042433518 0.039153603407052845 0.08851850949800931 0.07830720681410569 
0 0.45850619902977574 0.48072224396925706 0.16740223077627328 0.14260306725135216 
0 0.3504934310913086 0.538500712468074 0.06491976517897385 0.11059871086707482 
0 0.9476509092805477 0.5424178563631498 0.10469818086578296 0.2372321348923903 
