0 0.4605304461259108 0.030837052143537082 0.1882931269132174 0.061674104287074163 
0 0.5653849014869103 0.03359184127587538 0.06583984081561749 0.06718368255175076 
0 0.6197213026193472 0.019928868000323955 0.06200416271503155 0.03985773600064791 
0 0.25776270719674915 0.04256358054968027 0.042200748737041764 0.08512716109936054 
0 0.5158400535583496 0.1116109169446505 0.07617723024808444 0.223221833889301 
0 0.2984013740832989 0.08764062707240765 0.07070721112764798 0.13123326576673067 
0 0.13657880746401274 0.11296679423405574 0.06354909676771897 0.22593358846811148 
0 0.23397552967071533 0.17474809288978577 0.06731926477872409 0.26206907400718105 
0 0.2808301173723661 0.20436559732143694 0.07194902346684383 0.1340845639889057 
0 0.9461526502496921 0.23470613589653602 0.1076946989274942 0.2854956296774057 
0 0.7781132184542142 0.36242088904747594 0.11394999577448918 0.1399991695697491 
0 0.4593836527604323 0.4139120578765869 0.15474022351778471 0.15586357850294846 
0 0.34686829493596005 0.47140862391545224 0.05464634528526893 0.12830250079815203 
0 0.947018219731175 0.5490375665517954 0.10596355996452846 0.26699183537409854 
