0 0.8921852478614221 0.7359390258789062 0.08517947563758263 0.10899279667780949 
0 0.30712345930246204 0.9987649549371921 0.08128250562227689 0.0024700895524941958 
0 0.01867367671086238 0.2725451267682589 0.03734735342172476 0.05281175099886381 
0 0.009273342215097867 0.3223036894431481 0.018546684430195734 0.0904993093930758 
0 0.024760768963740423 0.348284858923692 0.049521537927480846 0.11148755366985615 
0 0.3548726852123554 0.40103941697340745 0.15709374501154974 0.09828860943134014 
0 0.04516836771598229 0.47659032161419207 0.09033673543196458 0.1345052352318397 
0 0.12227198710808387 0.47899526816148025 0.056717524161705606 0.06804374548105094 
0 0.25463807582855225 0.554239401450524 0.15500980157118577 0.1634354591369629 
0 0.2771950409962581 0.647095148379986 0.12026267785292405 0.07776557482205905 
0 0.7964547597444974 0.6346203914055457 0.1434164047241211 0.1067963746877817 
0 0.14858525074445283 0.7287293214064378 0.05381920704474816 0.053884066068209134 
0 0.45219958745516264 0.738133430480957 0.08601537117591271 0.14052185645470253 
