0 0.8201282207782452 0.8611086331881009 0.08558199955866887 0.11890954237717849 
0 0.025084550564105693 0.16671610337037307 0.05016910112821139 0.05600590889270489 
0 0.010605722665786743 0.2128495711546678 0.021211445331573486 0.09647558285639836 
0 0.023338455420274 0.2504651087981004 0.046676910840548 0.12123421522287223 
0 0.3447679831431462 0.3818224760202261 0.16037902465233436 0.10367364149827224 
0 0.0311626700254587 0.39482457821185774 0.0623253400509174 0.14502767416147086 
0 0.09392975156123821 0.41904863944420445 0.05709776053061852 0.07407782627986027 
0 0.2125008197931143 0.5291532736558181 0.15660654581510103 0.17709651360144982 
0 0.21653161599085882 0.6357669096726638 0.12271534479581393 0.08220481872558594 
0 0.7438535323509803 0.7299971213707557 0.14599337944617638 0.11385624225323017 
0 0.07005053070875314 0.698644234583928 0.05444444601352398 0.05826766674335186 
0 0.3750040531158447 0.7720704445472131 0.08566794028648964 0.15436231173001802 
