0 0.8427351071284368 0.6384613147148719 0.08313787900484525 0.10341824018038236 
0 0.2085021550838764 0.8190435262826773 0.07922170712397648 0.10426770723783053 
0 0.06302899924608377 0.02614587559722937 0.07666697181188144 0.049503426998853683 
0 0.0366293008510883 0.06470542343763205 0.0732586017021766 0.0850195586681366 
0 0.050777621423968904 0.09777654134310208 0.09400833025574684 0.1056356430053711 
0 0.3851695335828341 0.21750968236189622 0.15532334034259504 0.09192054088299091 
0 0.056184933735774115 0.22149881949791542 0.11236986747154823 0.12697909428523138 
0 0.14257854223251343 0.2443979703463041 0.055446120408865124 0.06450440333439754 
0 0.256748236142672 0.341290675676786 0.15197247725266677 0.15462050071129432 
0 0.26022425064673793 0.4328757065993089 0.11885844744168796 0.07279447408822867 
0 0.7695290858928974 0.524392476448646 0.14146885505089393 0.10033266360943134 
0 0.11839724504030667 0.4838856550363394 0.05282020568847656 0.05093244405893179 
0 0.4128568539252648 0.5530594312227689 0.08336232258723332 0.13373228219839242 
