0 0.8707971939673791 0.7156444696279672 0.09143396524282602 0.11562508803147536 
0 0.0030080610169814182 0.32509193970606876 0.0060161220339628365 0.059269409913283125 
0 0.014522839051026564 0.4013815109546368 0.029045678102053128 0.11907111681424655 
0 0.321177418415363 0.42394238251906174 0.15703742320720965 0.1114338361299955 
0 0.04140517803338858 0.5295774936676025 0.08281035606677715 0.14614453682532677 
0 0.10778043361810538 0.5229702546046331 0.0603710046181312 0.07250019220205453 
0 0.24237970205453727 0.5874955287346473 0.16245255103478065 0.17581525215735802 
0 0.27412404463841367 0.6793761986952561 0.12050406749431904 0.08780648158146785 
0 0.7682907031132624 0.6215790235079252 0.14529074155367339 0.11864530123197116 
0 0.16037228474250206 0.773071472461407 0.05608054307790903 0.05820765862098107 
0 0.4511520312382625 0.7561529966501089 0.09576848837045523 0.14694837423471305 
