0 0.22699915445767915 0.700652342576247 0.08809045644906852 0.12157410841721755 
0 0.8336658477783203 0.8576973768380972 0.08469596275916466 0.12222678844745342 
0 0.9154211924626277 0.021656900644302368 0.11869049072265625 0.043313801288604736 
0 0.8851950718806341 0.046975319202129655 0.09811665461613582 0.09395063840425931 
0 0.593206002162053 0.19145110478767982 0.15120909764216497 0.11418442542736347 
0 0.9095862828768216 0.17056545844444862 0.14331795619084284 0.15222549438476562 
0 0.8197836509117713 0.20388265756460336 0.05815960810734676 0.07609884555523212 
0 0.7273538296039288 0.32174238791832555 0.15648284325232872 0.18384742736816406 
0 0.7360317890460675 0.4254254194406363 0.11603392087496243 0.09011385991023137 
0 0.279530956194951 0.5664238379551814 0.13991365065941444 0.12252209736750676 
0 0.8730725141671988 0.47254613729623646 0.054017213674692005 0.06076754056490385 
0 0.6112505839421198 0.5724307390359732 0.09229175861065204 0.1553933437053974 
