0 0.6399019314692571 0.7596863599923941 0.019111119783841647 0.017928123474121094 
0 0.6277576593252329 0.7681708702674279 0.016822961660531852 0.026951716496394232 
0 0.34439637110783505 0.7889267114492563 0.1194608394916241 0.09344878563514122 
0 0.34472096883333647 0.23757118445176345 0.06275789554302509 0.07624882918137771 
0 0.4572575642512395 0.24506185604975775 0.01807572291447566 0.02440353540273813 
0 0.5266926655402551 0.33478672687823957 0.05608078149648813 0.05633255151601938 
0 0.4088338521810678 0.35775503745445836 0.025788343869722806 0.03784443781926082 
0 0.18721633691054124 0.43055235422574556 0.01682292498075045 0.026951679816612832 
0 0.47783429806049055 0.43962544661301833 0.10321741837721604 0.07696980696458083 
0 0.01900514731040368 0.5481876043172983 0.03801029462080736 0.1055596058185284 
0 0.5413890435145452 0.5243940169994648 0.04680417134211613 0.06500607270460862 
0 0.47157885478093076 0.5292031764984131 0.08032652047964242 0.09148880151601937 
0 0.19087637387789214 0.6233378190260667 0.04873030002300556 0.04943715609036959 
0 0.42676859635573167 0.6312137016883264 0.08512034782996544 0.07736895634577824 
0 0.31678868257082426 0.6445983739999624 0.02321036045367901 0.04163155188927284 
0 0.3969405797811655 0.674714418557974 0.04460976674006535 0.050536155700683594 
