0 0.38105819775508 0.7359234736515925 0.019037723541259766 0.018575228177584134 
0 0.392089476952186 0.7449530454782339 0.01739802727332482 0.027208401606633112 
0 0.6595754073216364 0.7822145682114822 0.1179352907034067 0.09801578521728516 
0 0.690672177534837 0.24262832678281343 0.06351184844970703 0.07788714995751014 
0 0.58354429098276 0.24322738097264215 0.0184326905470628 0.024806994658250075 
0 0.512598991394043 0.32688051003676194 0.056078397310697116 0.058127293219933145 
0 0.6230382002316989 0.35640753232515776 0.02647110132070688 0.038335139934833236 
0 0.829017712519719 0.4409045439500075 0.01739810063288762 0.027208401606633112 
0 0.5529524179605337 0.43240009821378267 0.10168313980102539 0.08102149229783279 
0 0.9805257502370156 0.5679587217477652 0.03894849895284726 0.10865394885723408 
0 0.48786484278165376 0.5115546446580154 0.04783274577214168 0.06599991138164814 
0 0.5537812526409442 0.5204367637634277 0.08094186049241286 0.09375682243934044 
0 0.8145666489234338 0.6293489933013916 0.04875615926889273 0.05098295211791992 
0 0.5904576044816238 0.6229464640984168 0.08465095666738656 0.08032090847308819 
0 0.6939723308269794 0.642623497889592 0.02425846686730018 0.04186124068040114 
0 0.616261152120737 0.6673012880178598 0.04493588667649489 0.0518033687884991 
