0 0.6846259557283841 0.7677732247572678 0.01937110607440655 0.020077852102426384 
0 0.672731509575477 0.7773690223693848 0.01730060577392578 0.029901577876164362 
0 0.39127118770892805 0.806812909933237 0.12067002516526443 0.10512359325702374 
0 0.37937413729154146 0.2018073980624859 0.06399836907019982 0.08495321640601525 
0 0.4915044674506554 0.20737839662111723 0.01848738010113056 0.027141809463500977 
0 0.5625750651726356 0.3041987052330604 0.05692617709820087 0.06299326970027043 
0 0.44582469646747297 0.33217530984144944 0.0264431880070613 0.0420377804682805 
0 0.22694761936481184 0.41727078877962553 0.01730060577392578 0.02990161455594576 
0 0.5162888123438909 0.4203871213472806 0.10417809853186974 0.08669992593618539 
0 0.04108592180105356 0.5510463897998517 0.08217184360210712 0.1179351439842811 
0 0.581399128987239 0.5119073024162879 0.04791080034696139 0.07226852270273063 
0 0.5120505186227652 0.5188273099752573 0.08177823286790115 0.10205184496366061 
0 0.23486185990847075 0.6287265190711389 0.049475761560293346 0.055271001962515026 
0 0.4697290567251352 0.6318171574519231 0.08622228182279147 0.08670850900503305 
0 0.36060505646925706 0.6490923441373385 0.02396847651554988 0.04612255096435547 
0 0.44101685744065505 0.6802521485548753 0.0454099361713116 0.05637667729304387 
