0 0.566579268528865 0.7397139989412748 0.018409068767841045 0.01918374575101412 
0 0.5567021003136268 0.7491305424616888 0.01729745131272536 0.02782601576585036 
0 0.309001088142395 0.7936312602116511 0.11325115423936111 0.10168236952561599 
0 0.2556571410252498 0.24846870165604812 0.06215183551494892 0.08001285332899827 
0 0.3555617332458496 0.24635161803318903 0.018139985891488884 0.025437153302706204 
0 0.42548078757065994 0.32918840188246506 0.054384635044978216 0.05994008137629582 
0 0.32384859598599947 0.3618711508237399 0.026176269237811748 0.03925642600426307 
0 0.13562302864514864 0.4526012127216046 0.01729746048267071 0.02782601576585036 
0 0.3926206185267522 0.4369788353259747 0.09748308475200947 0.08416172174307016 
0 0.010122135281562805 0.5857929083017203 0.02024427056312561 0.1119393568772536 
0 0.45687536092904896 0.5154127891247089 0.047148484450120196 0.06764496289766751 
0 0.395821002813486 0.5260752897996169 0.07895370630117562 0.09643268585205078 
0 0.15760065959050104 0.6429019341102014 0.04730422680194561 0.05256168658916767 
0 0.36625322928795445 0.6307268876295823 0.08175042959359977 0.08301250751201923 
0 0.27063233118790847 0.6532674936147836 0.02429997003995455 0.04274603036733774 
0 0.34419776843144345 0.6762610582204965 0.043820637923020586 0.053287432743952826 
