0 0.5536567247830905 0.7633476257324219 0.021106866689828727 0.020168011005108174 
0 0.5671706749842718 0.7675924301147461 0.021155247321495645 0.02798946087176983 
0 0.8242598680349497 0.705134391784668 0.12764307168813852 0.10900614811823918 
0 0.6428020550654485 0.20276064139146072 0.07331796792837289 0.08215141296386719 
0 0.5458694054530218 0.24190447880671576 0.021680355072021484 0.025899446927584134 
0 0.5140261833484356 0.343613312794612 0.06279560235830453 0.06259393692016602 
0 0.6256680488586426 0.33069926041823167 0.03162934229924129 0.03972537700946514 
0 0.8453245896559495 0.33339927746699405 0.021155284001277044 0.02798949755155123 
0 0.5916277995476356 0.425125213769766 0.10941721842839168 0.09072718253502479 
0 0.5633495770967923 0.5206285073206975 0.05655684837928185 0.06872760332547702 
0 0.626587280860314 0.5049637280977689 0.09243510319636418 0.09955413524921124 
0 0.9054398169884315 0.5101415377396804 0.054677523099459134 0.05483704346876878 
0 0.6996841797461877 0.5850607248452994 0.09343682802640475 0.08755254745483398 
0 0.801218216235821 0.5656754053556002 0.030212915860689603 0.042691670931302585 
0 0.7403227732731745 0.6161385316115159 0.05127143859863281 0.055038158710186295 
