0 0.7325818722064679 0.9827666281221005 0.06317373422475961 0.03446674318267749 
0 0.1622696748146644 0.5710371090815618 0.04339062250577486 0.039979127737192005 
0 0.34959882956284744 0.6129561387575589 0.07515111336341271 0.049265458033635065 
0 0.13391616711249718 0.6115752917069656 0.06699805993300217 0.04900429799006535 
0 0.7613896590012771 0.639958748450646 0.042121593768780045 0.03718214768629808 
0 0.5082793419177716 0.6415239847623385 0.032855950869046725 0.03826354100153996 
0 0.2864079108605018 0.6496156178987943 0.05110924060528095 0.05952108823336088 
0 0.357299621288593 0.6560304715083196 0.05947091029240535 0.06530167506291316 
0 0.46853936635530913 0.6747897588289701 0.06153953992403471 0.058477034935584433 
0 0.6095575369321383 0.7387120173527644 0.09025819485004132 0.11039000291090745 
0 0.8063437755291278 0.7463953678424542 0.09502139458289513 0.11329892965463492 
0 0.9758062361238095 0.7548246016869178 0.048387527179259524 0.07507258195143479 
0 0.9328114803020771 0.8250485566946176 0.08266104184664212 0.06328780834491436 
0 0.7389456308805026 0.8326556132389948 0.07682030017559345 0.09342134915865384 
0 0.7458639878493089 0.8964280715355506 0.04907564016488882 0.09804556919978215 
0 0.603089479299692 0.9098158249488244 0.11668175917405349 0.10158883608304538 
