0 0.11054448898021992 0.7158370751600999 0.04729008674621582 0.04060209714449369 
0 0.321746642772968 0.7488119052006648 0.08251718374399039 0.049768961392916165 
0 0.08109916631992047 0.7589625945458045 0.07340916303487924 0.04959950080284706 
0 0.7825118578397311 0.7544390971844013 0.045956978431114785 0.03773990044227013 
0 0.5002758869758019 0.7696207119868352 0.035563725691575274 0.03896529857928936 
0 0.2532349183009221 0.789825072655311 0.05532139998215895 0.06061275188739483 
0 0.3326527980657724 0.7926065371586726 0.06449352777921237 0.06645782177264874 
0 0.45773894970233625 0.8058931644146259 0.0670156478881836 0.05941141568697416 
0 0.6184690182025616 0.8639338933504545 0.0975352067213792 0.11246967315673828 
0 0.8383783927330604 0.8612650357759916 0.10277190575232872 0.11540442246657151 
0 0.9692144392488095 0.9352046893193171 0.061571120929259524 0.06410371340238132 
0 0.7678415591900165 0.9529108266131237 0.08303026052621695 0.09417834620063122 
0 0.778988214639517 0.9841765989191257 0.051866898169884317 0.03164680158862701 
0 0.6204571357140174 0.9941698586424956 0.1273492666391226 0.011660282141887225 
