0 0.19206334077394926 0.6845930172846868 0.04819369316101074 0.04201206794151893 
0 0.40556981013371396 0.7263494638296274 0.08400689638577975 0.05142637399526743 
0 0.16100478630799514 0.7282912914569561 0.07475642974560077 0.05127701392540565 
0 0.8731574278611404 0.7486377129187951 0.04682790316068209 0.039044746985802285 
0 0.5862381458282471 0.7543153029221755 0.036278101114126354 0.04034687922551082 
0 0.33491068619948167 0.7664612256563627 0.05643257727989784 0.06276189363919772 
0 0.4154554330385648 0.772182611318735 0.06577165310199444 0.0688032003549429 
0 0.542075358904325 0.7904351674593412 0.06830387849074143 0.06148110903226412 
0 0.7036672005286584 0.8563994994530311 0.0995173821082482 0.11647246434138371 
0 0.9269775977501502 0.8614809329693134 0.10484768794133113 0.11950375483586238 
0 0.8528784971970779 0.9526481993782979 0.08471532968374398 0.09470360067028266 
0 0.8624319663414588 0.9852672355392804 0.05308796809269832 0.02946552834831751 
0 0.7009219022897574 0.9928613074410421 0.12975685413067156 0.014277384544794377 
