0 0.4403990782224215 0.9806804655549618 0.07705479401808518 0.038639068316954836 
0 0.8393351023013775 0.5911298715151273 0.08864250549903283 0.054152452028714694 
0 0.37689639971806455 0.6615371337303748 0.0505067018362192 0.039270914517916165 
0 0.6626968200390155 0.6353391867417556 0.040193374340350814 0.039263431842510514 
0 0.9138004252543817 0.6186931500068078 0.06252302114780132 0.06107649436363807 
0 0.8343410537793086 0.6324749359717736 0.07241158302013691 0.06738053835355319 
0 0.7104035157423753 0.6622751309321477 0.07414773794320914 0.061246211712176986 
0 0.5567339383638822 0.737797737121582 0.11086889413686898 0.1127781501183143 
0 0.3352960256429819 0.7665349520169772 0.11646883304302509 0.1160113994891827 
0 0.13632803696852464 0.7938032150268555 0.07758683424729568 0.07691031235914964 
0 0.19931283363929161 0.8543185820946326 0.09828354762150691 0.06804488255427434 
0 0.4187671954815204 0.8402784054095929 0.09431648254394531 0.09549008882962741 
0 0.41643280249375564 0.9010005364051232 0.0635537000802847 0.09675979614257812 
0 0.5787204779111422 0.8979812768789438 0.13978829750647911 0.10747073246882512 
