0 0.6218263919536884 0.9923433522478893 0.07260307898888221 0.015313294931099964 
0 0.008021506552512828 0.5803020367255578 0.016043013105025657 0.040221764491154596 
0 0.20073146086472732 0.630122551551232 0.08552408218383789 0.050711558415339544 
0 0.6628580093383789 0.6775789627662072 0.048165394709660456 0.03750118842491737 
0 0.3783729443183312 0.6657119530897874 0.03779297608595628 0.03803700667161208 
0 0.12883793390714204 0.6617111426133376 0.05878906983595628 0.05916866889366737 
0 0.20835281335390532 0.6715635886559119 0.0683121131016658 0.06509472773625301 
0 0.3329151777120737 0.6953053107628455 0.07046967286330003 0.058729905348557696 
0 0.48985981941223145 0.7636428979726938 0.10394752942598783 0.1094966301551232 
0 0.7108256266667292 0.7813480083759015 0.10936311575082633 0.11250818692720853 
0 0.9094632222102239 0.7987158115093524 0.07287817734938401 0.07456823495718148 
0 0.8510651588439941 0.8629510952876165 0.09428926614614633 0.06441123668964092 
0 0.633014623935406 0.8599664614750788 0.08845868477454552 0.09268826704758865 
0 0.6392603837526761 0.9210841839130108 0.05743272487933819 0.09560731741098258 
0 0.4784881885235126 0.9263030565701998 0.13339035327617937 0.10254522470327523 
