0 0.947266725393442 0.510369245822613 0.033772835364708535 0.02762115918673002 
0 0.8861048038189228 0.512180915245643 0.029609093299278848 0.02223968505859375 
0 0.8610529532799354 0.5431911578545203 0.060837819026066706 0.02653675812941331 
0 0.47485866913428676 0.5491149242107685 0.032847074361947864 0.058481876666729264 
0 0.5917698603409988 0.5736972552079421 0.0426325798034668 0.024245445544903096 
0 0.6627867038433368 0.6061152861668513 0.2875110919658954 0.0866852907034067 
0 0.25688366706554705 0.6161353954902062 0.01924578960125263 0.021668617541973408 
0 0.7205718113825872 0.6429866277254545 0.04265535794771635 0.04871859917273888 
0 0.6709992702190692 0.6467326604402982 0.06495483104999249 0.0550995606642503 
0 0.32306566605201137 0.6418087299053485 0.14346551895141602 0.09806618323692909 
0 0.20786724182275626 0.6821026802062988 0.20277693638434777 0.09618311661940354 
0 0.21059794609363264 0.7522176229036771 0.04413613906273475 0.02819230006291316 
