0 0.9491349366995004 0.4698305863600511 0.03683170905480018 0.033533536470853366 
0 0.8895244965186486 0.46207554523761457 0.03195329812856821 0.027383107405442458 
0 0.8599665348346417 0.4902956302349384 0.062380350553072415 0.03671580094557542 
0 0.48450539662287784 0.4356067180633545 0.04122484647310697 0.06487431892981896 
0 0.5936870208153358 0.4795213295863225 0.04467898148756761 0.03149322363046499 
0 0.6570382485022912 0.5243344123546894 0.28818438603327823 0.1340034558222844 
0 0.2617717247742873 0.4707900560819186 0.022002018415010892 0.025158221905048076 
0 0.7068036519564115 0.571682544854971 0.048882484436035156 0.056466872875507064 
0 0.6581016320448655 0.5677595688746526 0.07117572197547326 0.06651089741633488 
0 0.3215808685009296 0.5078454751234788 0.1531673944913424 0.12279063004713792 
0 0.2030395773740915 0.5314954060774583 0.20924031734466553 0.13026762008666992 
0 0.19377701099102312 0.6046541470747727 0.046783043788029596 0.03575842197124775 
