0 0.8562409694378192 0.3520050048828125 0.03703990349402794 0.02853569617638221 
0 0.7899849231426532 0.3525664989764874 0.032434316781850964 0.023026466369628906 
0 0.7622502033527081 0.3833626050215501 0.06626283205472507 0.02800754400400015 
0 0.34399837713975173 0.3813381011669452 0.036651207850529596 0.05961194405188927 
0 0.47009460742657 0.4085862086369441 0.04654627579909105 0.02531909942626953 
0 0.5463462242713342 0.442795625099769 0.3123817443847656 0.09334098375760592 
0 0.10667500587610099 0.4444991992070125 0.02122507645533635 0.022234769967886116 
0 0.6081841725569505 0.4812278930957501 0.04705586800208458 0.04997880642230694 
0 0.5544378207280085 0.48398305819584775 0.07127761840820312 0.056873431572547324 
0 0.17782488694557777 0.47179733789884126 0.1569620921061589 0.10180447651789738 
0 0.0814055846287654 0.5100995944096491 0.1628111692575308 0.10114405705378605 
0 0.053880082873197704 0.5809612640967736 0.048249086508384116 0.0293273192185622 
