0 0.08145804130114041 0.5295217587397649 0.03351107927469107 0.02823220766507662 
0 0.14228006968131432 0.5371370132152851 0.029405951499938965 0.022679512317364033 
0 0.16434446206459633 0.5718061923980713 0.06067572190211369 0.02651056876549354 
0 0.5489119383004996 0.6141417576716497 0.03217102931096004 0.06061084453876202 
0 0.4300112724304199 0.6288182185246394 0.04244371560903696 0.02450136037973257 
0 0.35614056770618147 0.6559595328110915 0.2872615410731389 0.08468180436354417 
0 0.7599767171419584 0.704410222860483 0.019017659700833835 0.022304461552546576 
0 0.2950458526611328 0.6889816064100999 0.04214030045729417 0.05016172849214994 
0 0.344128627043504 0.6975279221167932 0.06442506496722882 0.05637073516845703 
0 0.6915620657113882 0.724973935347337 0.1426104032076322 0.09972682366004357 
0 0.8026498281038724 0.7777607624347394 0.2021338389470027 0.09647112626295823 
0 0.7933288354140061 0.850589238680326 0.0438994627732497 0.028607295109675482 
