0 0.9066004386314979 0.4351508250603309 0.039081573486328125 0.027252674102783203 
0 0.8401374083298904 0.4469446769127479 0.03412217360276442 0.022104189946101263 
0 0.8186382513779861 0.47900935319753796 0.0687419451200045 0.028076648712158203 
0 0.3979279077970065 0.5485162368187537 0.040269044729379505 0.05512288900522085 
0 0.5302759684049166 0.5512062769669753 0.04857510786790114 0.024788379669189453 
0 0.6139764602367694 0.5685731997856727 0.3220985485957219 0.09763721319345328 
0 0.17251348495483398 0.645040878882775 0.02269455102773813 0.020895884587214544 
0 0.6840665157024677 0.5921457914205698 0.05034850193903996 0.04694040005023663 
0 0.6306280356187087 0.6037541902982272 0.07530615879939152 0.05420332688551683 
0 0.2496575667307927 0.657142712519719 0.16464011485760027 0.09832954406738281 
0 0.13144916124068773 0.7125408099247859 0.22967468202114105 0.10058146256666917 
0 0.1476913048670842 0.7751732972952036 0.050509122701791614 0.028460942781888522 
