0 0.32665138978224534 0.8040957817664514 0.07646465301513672 0.05741163400503305 
0 0.44662668154789853 0.8015622725853553 0.05414086121779222 0.03379007486196665 
0 0.6370212481572077 0.7924002867478591 0.032755411588228665 0.020299471341646634 
0 0.413293508382944 0.8251387889568622 0.05589719919057993 0.03825943286602314 
0 0.7523838189932016 0.7990604914151705 0.046297660240760215 0.02157424046443059 
0 0.45918895648075986 0.8339580389169546 0.07808696306668796 0.06043375455416166 
0 0.761715448819674 0.8113214052640475 0.05360485957219051 0.028000758244441107 
0 0.8317187749422513 0.8149515665494479 0.039914718041053183 0.039624507610614486 
0 0.6715051944439228 0.8402516658489521 0.08664204524113582 0.0368493153498723 
0 0.7343352757967435 0.8401772792522724 0.04208704141470102 0.03409011547382061 
0 0.724948186140794 0.886318536905142 0.04656564272367037 0.02446886209341196 
0 0.7980758960430439 0.87943513576801 0.026640671950120192 0.0412442867572491 
0 0.8353099089402419 0.8832299525921161 0.05359092125525841 0.04234644082876352 
0 0.5383529296288123 0.7447506831242487 0.018543023329514723 0.011788148146409255 
0 0.4407014296605037 0.7670818108778733 0.050078281989464395 0.03340757810152494 
