0 0.36650866728562576 0.7742798145000751 0.07661819458007812 0.06252274146446815 
0 0.4752987714914175 0.7529161159808819 0.05313271742600661 0.03827652564415565 
0 0.6471204390892615 0.7143690402691181 0.032122025123009317 0.023031968336838942 
0 0.4487327795762282 0.77951141504141 0.05540547004112831 0.042464843163123496 
0 0.7531832915086013 0.7020429831284744 0.04424344576322115 0.0263364498431866 
0 0.49191561112037074 0.7801803442148062 0.0785375375014085 0.06542528592623197 
0 0.763638239640456 0.711634085728572 0.05171841841477614 0.03313262646014874 
0 0.8279324678274301 0.7037829619187576 0.04156677539532001 0.041071378267728366 
0 0.6861621049734262 0.7521082437955416 0.08222411229060246 0.04620720789982723 
0 0.7433350269611065 0.7420513813312237 0.04257693657508263 0.03658844874455379 
0 0.7421738551213191 0.7852210264939529 0.044950631948617786 0.028908362755408652 
0 0.8076296953054575 0.7673768263596755 0.030152614300067607 0.04033880967360277 
0 0.842125415802002 0.764884508573092 0.05404186248779297 0.04566192626953125 
0 0.5496936761415921 0.6870171473576472 0.01823274905865009 0.013297594510591947 
0 0.4643890857696533 0.7227136905376728 0.04949624721820538 0.037285144512469955 
