0 0.15454183175013617 0.6043272201831524 0.08150399648226224 0.05816235909095177 
0 0.2758895708964421 0.6326464139498197 0.05732600505535419 0.03502933795635517 
0 0.4697158886836125 0.6730561990004319 0.03467435103196364 0.021064098064716045 
0 0.23659765720367432 0.6449368550227239 0.059373983970055215 0.03919087923490084 
0 0.584180079973661 0.7083034882178674 0.04861255792471079 0.023389156048114482 
0 0.28063126710745007 0.6643970196063702 0.08333393243642953 0.06101432213416466 
0 0.5905805917886587 0.7214857981755183 0.056453814873328574 0.029790584857647236 
0 0.6601390105027419 0.7425117492675781 0.043084217951847956 0.03902024489182692 
0 0.4927482788379376 0.7240107976473295 0.09077765391423152 0.040609579819899336 
0 0.555991741327139 0.7399450815640963 0.04499974617591271 0.03424651806171124 
0 0.5352941292982835 0.7782205068148099 0.04904857048621544 0.02600853259746845 
0 0.6105603254758395 0.7907761060274564 0.029582133659949668 0.03931441673865685 
0 0.6471031995920035 0.8036024753863995 0.05724063286414513 0.042654991149902344 
0 0.3820462410266583 0.6059347849625808 0.01964594767643855 0.012190562028151292 
0 0.2783350669420682 0.6007487223698542 0.05314458333528959 0.0343318352332482 
