0 0.29760992527008057 0.7631435761084924 0.0690164382641132 0.04772061568040114 
0 0.407936297930204 0.7640473659221942 0.049066360180194564 0.0278472166794997 
0 0.5831652971414419 0.7610534521249624 0.029689458700326774 0.016723192655123197 
0 0.376631314937885 0.7834953161386343 0.05056010759793795 0.031671964205228366 
0 0.6889904462374173 0.7697565738971417 0.04217059795673077 0.01747285402738131 
0 0.41855637843792254 0.7922713939960186 0.07042829806988056 0.050295462975135215 
0 0.6972161072951096 0.7805563853337214 0.04873877305250902 0.022847395676832933 
0 0.7614436883192796 0.7854833969703088 0.03574642768272987 0.03327230306772085 
0 0.613489737877479 0.8031524878281814 0.07902130713829628 0.029645993159367487 
0 0.6712310864375188 0.8047043726994441 0.03791508307823768 0.028422429011418268 
0 0.6612880046551044 0.8442022250248835 0.042334409860464245 0.019972801208496094 
0 0.7286868462195764 0.8401547211867112 0.023428843571589544 0.035022735595703125 
0 0.7627956317021296 0.8443807088411771 0.0483095462505634 0.03527193803053636 
0 0.493851349903987 0.7174773949843186 0.016798789684589092 0.009724030127892127 
0 0.4034750278179462 0.7341985335716834 0.04532197805551382 0.027622296259953424 
