0 0.6199297538170447 0.6395705479841965 0.07238153310922477 0.053010170276348405 
0 0.5063900030576266 0.6565945331866925 0.05136852997999925 0.031067408048189603 
0 0.3253913659315843 0.6788481565622183 0.03108061276949369 0.018660545349121094 
0 0.5415695997384878 0.6730516507075384 0.05297653491680439 0.03525491861196665 
0 0.21766229776235727 0.7036435053898737 0.04405344449556791 0.019666231595552884 
0 0.49969135797940767 0.6886310577392578 0.07388595434335563 0.05583528371957632 
0 0.21081077135526216 0.7165075448843149 0.050954158489520736 0.025618333082932692 
0 0.14537426141592172 0.7311726350050706 0.03761621621938852 0.036772507887620196 
0 0.3004764043367826 0.7287406921386719 0.0825033187866211 0.03348101102388822 
0 0.24121555915245643 0.738816077892597 0.03979653578538161 0.0315245848435622 
0 0.25739941230187047 0.7800411444443923 0.044260611900916465 0.02239087911752554 
0 0.18734594491811898 0.7854720262380747 0.02485055189866286 0.038491395803598255 
0 0.15283712973961464 0.7949988291813777 0.05069270500769982 0.039140554574819714 
0 0.41086448155916655 0.6187796959510217 0.017589752490703877 0.010843423696664663 
0 0.5064986302302434 0.6236985830160288 0.047476621774526745 0.030765716846172627 
