0 0.7759400147658128 0.3373379890735333 0.2849597930908203 0.14513474244337815 
0 0.9262782610379733 0.38048588312589204 0.03171216524564303 0.037832443530742936 
0 0.8072486290564904 0.46010032066932094 0.035183099599984974 0.05693509028508113 
0 0.3580317497253418 0.466751923927894 0.052564107454740085 0.043118880345271185 
0 0.04176333976479677 0.4646008198077862 0.0771699370099948 0.03836558415339543 
0 0.28295358327718884 0.4795517371251033 0.09719094863304725 0.058193096747765176 
0 0.7393030386704665 0.5404895268953763 0.16309085259070763 0.16312122344970703 
0 0.5490960341233474 0.5657975857074444 0.06149702805739183 0.06100302476149339 
0 0.3583868650289682 0.5676829448113074 0.04207893518301157 0.05723707492534931 
0 0.19764449046208307 0.617682200211745 0.08002919417161208 0.07784982827993539 
0 0.07369628319373497 0.6324672515575702 0.14739256638746995 0.2475259120647724 
0 0.534554334787222 0.6587634820204514 0.10844355363112229 0.06451687446007362 
0 0.4891688640301044 0.7269778618445764 0.08151795313908504 0.08083050067608173 
0 0.06942541668048272 0.7948846083420974 0.11516622625864469 0.09688157301682693 
