0 0.6624774566063514 0.3888115882873535 0.28250921689547026 0.1654503895686223 
0 0.8108378190260667 0.39781572268559384 0.033558038564828724 0.03802824020385742 
0 0.712522946871244 0.4932884436387282 0.03869306124173678 0.05572729844313402 
0 0.29203425920926607 0.588646778693566 0.05370947030874399 0.045309286851149336 
0 0.016524416896013115 0.6496202395512507 0.03304883379202623 0.043956683232234076 
0 0.2237246036529541 0.6151242806361272 0.09720446513249324 0.06429419150719276 
0 0.6622829253856952 0.579298001069289 0.1695109514089731 0.16712324435894305 
0 0.48802533516517055 0.6399571528801551 0.06386844928448017 0.0625602648808406 
0 0.3093544336465689 0.6795939665574294 0.04521586344792293 0.05682666485126202 
0 0.16690616424267107 0.7566578938410833 0.08296517225412223 0.08002251845139724 
0 0.06738872711475079 0.8091229658860427 0.13477745422950158 0.25904450049767125 
0 0.49002374135530913 0.7266849004305326 0.10841820790217473 0.07136381589449368 
0 0.4589082461137038 0.7972276394183819 0.08465843934279221 0.08289777315579928 
0 0.07639086819612063 0.9419617652893066 0.11791105224536015 0.10145121354323167 
