0 0.7910044376666729 0.24638935235830453 0.27377209296593297 0.16484465965857872 
0 0.9356355667114258 0.2650702733259935 0.03198520953838642 0.03986699764545147 
0 0.8369810764606183 0.3628518581390381 0.03653372251070463 0.0590827281658466 
0 0.42371249198913574 0.44117650618919957 0.051645095531757064 0.046634857471172624 
0 0.13180080743936393 0.48955869674682617 0.07407450675964355 0.04371012174166166 
0 0.35627137697660005 0.4658314081338736 0.09398379692664513 0.06485187090360202 
0 0.7855361424959623 0.45324145830594575 0.1622934341430664 0.17381514035738432 
0 0.6136848743145282 0.5086591610541711 0.061160894540640026 0.06503908450786884 
0 0.438106316786546 0.5409823380983793 0.04293405092679537 0.05988520842332106 
0 0.2968637484770555 0.6161240981175349 0.07948426099923941 0.08311341359065129 
0 0.13085045264317438 0.6621702450972337 0.26170090528634876 0.26706699224618763 
0 0.6132331994863657 0.6029633191915659 0.10483609713040866 0.07194955532367413 
0 0.5808928379645715 0.6777039674612192 0.0810702764070951 0.08618098038893479 
0 0.20333674320807824 0.8119281255281888 0.11332132266117977 0.1045672343327449 
