0 0.3025824840252216 0.17132605956150934 0.2971297044020433 0.18095931640038124 
0 0.1489425622499906 0.16984461362545306 0.03678820683405949 0.03928491702446571 
0 0.24290810181544378 0.2711649124438946 0.04338302979102501 0.056797724503737226 
0 0.6690084750835712 0.3949298675243671 0.05761513343224159 0.04781638658963717 
0 0.9652560672794397 0.4760503585521991 0.069487864867999 0.04817694884080153 
0 0.7373798443720891 0.4259028618152325 0.10283374786376953 0.06939568886390099 
0 0.28804585566887486 0.3597586430036105 0.18379840484032264 0.17426679684565619 
0 0.46299343842726487 0.4319605093735915 0.06921848883995643 0.06526477520282452 
0 0.6441170619084284 0.4836772588583139 0.05002241868239183 0.05834186994112455 
0 0.7850035153902494 0.5698786332057073 0.08981381929837741 0.08357550547673152 
0 0.9037747014887058 0.6345273164602426 0.19245059644946685 0.27285935328556943 
0 0.4542235411130465 0.5176069736480713 0.11466880945058969 0.07706484427818885 
0 0.48084262701181263 0.5895627095149114 0.09174765073336087 0.08648358858548678 
0 0.8639787160433255 0.7595089398897611 0.1266464086679312 0.10689192551832932 
