0 0.13783860206604004 0.20874146314767691 0.2756772041320801 0.1270594963660607 
0 0.08941704264053932 0.3090335222390982 0.03620944114831778 0.0485689089848445 
0 0.5354587481572077 0.35520700307992786 0.05327928983248197 0.037214425893930286 
0 0.8501360599811261 0.3819744770343487 0.07773333329420823 0.03361819340632512 
0 0.6089041599860558 0.3727421026963454 0.09809321623582107 0.050661453833946817 
0 0.149397428219135 0.3826995079333966 0.16588196387657753 0.14018898743849534 
0 0.3361392938173734 0.4211432933807373 0.06253950412456806 0.05243539810180664 
0 0.525588897558359 0.4399573436150184 0.043094671689547025 0.04893827438354492 
0 0.6807051805349497 0.4964797313396747 0.08135597522442158 0.06694192152756911 
0 0.8631920079485729 0.5266725283402663 0.27361598352973276 0.2134845073406513 
0 0.3418328120158269 0.5005488028893104 0.10944221569941594 0.05617831303523137 
0 0.38052894518925595 0.5619496198800894 0.08289942374596229 0.06947876856877254 
0 0.7914886841407189 0.6569147293384259 0.11678013434776893 0.08356633553138146 
