0 0.8166213769179124 0.3999221691718468 0.19979146810678336 0.14785286096426156 
0 0.6672938053424542 0.40590977668762207 0.06027669173020583 0.05173364052405724 
0 0.4662277331719032 0.43728545995859 0.0479430785545936 0.038069504957932696 
0 0.5706905768467829 0.5099041095146766 0.0537725962125338 0.05754782603337215 
0 0.7081289291381836 0.5273675918579102 0.02422303419846755 0.038698709928072415 
0 0.7569931103633001 0.5531301315014179 0.04889040726881761 0.06602701774010292 
0 0.6394209128159744 0.5860749758206881 0.04749862964336689 0.04943987039419321 
0 0.5631805750039908 0.5825194028707651 0.14290805963369516 0.16989733622624323 
0 0.4695102801689735 0.5839863557081956 0.09611639609703651 0.062216758728027344 
0 0.45711801602290225 0.6472176771897536 0.052150542919452376 0.05488292987530048 
0 0.615246479327862 0.6714814259455755 0.06419548621544471 0.031771146334134616 
0 0.9804865762304801 0.7367762052095853 0.039026846965918176 0.12357477041391227 
0 0.7368344160226675 0.7596056644733136 0.08254043872539814 0.10041361588698167 
0 0.035857478013405435 0.784213873056265 0.07171495602681087 0.06670893155611478 
0 0.4303642236269437 0.8647243059598483 0.1800062106205867 0.1120452880859375 
0 0.8675928849440354 0.9242543440598708 0.049013577974759616 0.05082893371582031 
0 0.6487271052140456 0.9143794499910795 0.07209135935856746 0.042544071490948014 
0 0.798515246464656 0.9366886799152081 0.05737011249248798 0.033757503216083236 
