0 0.29957511791816127 0.35810020336738 0.1860980070554293 0.17056683393625113 
0 0.43595391053419846 0.3655872895167424 0.056384966923640326 0.05971743510319637 
0 0.6203576968266413 0.40266719231238735 0.044744124779334433 0.043931080744816706 
0 0.527499584051279 0.4863779544830322 0.05068371846125676 0.06647876592782828 
0 0.4027407902937669 0.5060929335080661 0.023260813492995042 0.04474914990938627 
0 0.3590328326592079 0.5357468128204346 0.046542424422044024 0.07632178526658279 
0 0.467345824608436 0.5743346947890061 0.0447233640230619 0.05710755861722506 
0 0.5367558185870831 0.5704995118654691 0.1352687248816857 0.19632321137648362 
0 0.6222277604616605 0.5725452533135047 0.08922925362220177 0.0717296967139611 
0 0.635625252356896 0.6458176099337064 0.04912361731896034 0.06339689401479867 
0 0.4922233728262094 0.6733311506418082 0.059266823988694414 0.03657216292161208 
0 0.13228816252488357 0.7474767244779147 0.09722614288330078 0.14280055119441107 
0 0.3842620666210468 0.7749350987947904 0.07820485188410832 0.11603920276348408 
0 0.995483618372908 0.8062070333040677 0.009032762681062404 0.07666565821721004 
0 0.6672345858353835 0.8978049938495343 0.16695767182570237 0.1291509775015024 
0 0.27047460812788743 0.9651258541987493 0.0461434767796443 0.05871134537916917 
0 0.4697433434999906 0.9545005284822904 0.0667872428894043 0.04902509542611929 
0 0.33388267113612247 0.9797815176156851 0.053145757088294394 0.03889934833233173 
