0 0.3449773696752695 0.36367542010087234 0.18181560589716986 0.17300075751084548 
0 0.47077345848083496 0.39977508324843186 0.0553130003122183 0.06041794556837816 
0 0.6353008563701923 0.47492496783916766 0.043796392587515026 0.04450284517728365 
0 0.5313075322371262 0.5371167843158429 0.0500792356637808 0.06704968672532302 
0 0.41074371337890625 0.5300478018247164 0.02338299384483924 0.044945753537691556 
0 0.36380773324232835 0.5497964345491849 0.04641595253577599 0.07677591764009915 
0 0.45697465309729945 0.6103598154508151 0.04414639106163612 0.05761843461256761 
0 0.5225776158846341 0.6212623852949876 0.1341857176560622 0.19776010513305664 
0 0.6019637217888465 0.6413010450509878 0.08689392530001126 0.07294280712421124 
0 0.5993412274580735 0.715720323415903 0.048508754143348105 0.06395501356858474 
0 0.4597590519831731 0.7123361367445725 0.05740503164438101 0.037428855895996094 
0 0.10836056791819058 0.7088125302241399 0.09649522029436551 0.1438256043654222 
0 0.3379679092994103 0.7888229443476751 0.07764992347130409 0.11685833564171424 
0 0.9477928233547852 0.9621150308790115 0.1044143527173079 0.07576993766885537 
0 0.5768155134641207 0.9514384268281552 0.1624458386347844 0.09712314577056812 
0 0.19244172022892878 0.9506349196800818 0.045542313502385065 0.05923938751220703 
0 0.38070123012249285 0.9786670023145584 0.06490835776695839 0.042665994797761626 
0 0.24862166551443246 0.9783373979421762 0.05164751639732948 0.03963947296142578 
