0 0.32328176498413086 0.30887413024902344 0.2020411858191857 0.19275936713585487 
0 0.4473924453441913 0.36184945473304164 0.06244391661423903 0.06619314047006461 
0 0.6063063694880559 0.4591217224414532 0.04902384831355168 0.049176692962646484 
0 0.49247477604792667 0.5075306342198298 0.05808610182542067 0.07190421911386344 
0 0.3701667052048903 0.48433808180002064 0.02883426959698017 0.0467992562514085 
0 0.3198057963297917 0.4978507848886343 0.055674424538245566 0.08083211458646335 
0 0.4075963313762958 0.5709743132958045 0.05101783459003155 0.06194298083965595 
0 0.47328728895920974 0.5906630846170279 0.1579131346482497 0.2102193465599647 
0 0.5519444759075458 0.6213464370140662 0.095337280860314 0.08268099564772385 
0 0.5401834341195914 0.6955509919386643 0.05613994598388672 0.06868743896484375 
0 0.39799609551062953 0.6735086441040039 0.06163186293381911 0.04418813265286959 
0 0.04815483551758986 0.6230221528273362 0.09630967103517972 0.15273637038010818 
0 0.2642373488499568 0.7338603826669546 0.09168415803175706 0.12399482727050781 
0 0.8886830256535456 0.9725036252863132 0.1576972374549279 0.05499274885425201 
0 0.4863102986262395 0.93549082815074 0.1776125981257512 0.12901834312539834 
0 0.09581754528559171 0.8765211472144494 0.05260583529105553 0.0637068381676307 
0 0.2842820882797241 0.9334118916438177 0.07064623099107009 0.05736615107609676 
0 0.14983155177189753 0.9117813110351562 0.05619944058931791 0.04554029611440805 
