0 0.24241472666080183 0.3007924556732178 0.188605757860037 0.15399650427011344 
0 0.3841859377347506 0.3112159325526311 0.05683113978459285 0.05414445583636944 
0 0.574848670225877 0.3502819721515362 0.04523310294518104 0.03974628448486328 
0 0.4749174668238713 0.42545610207777756 0.050585269927978516 0.06058960694533128 
0 0.3442082771888146 0.44052945650540865 0.022660035353440505 0.04106778364915114 
0 0.2975444243504451 0.46688276070814866 0.04585607235248272 0.06986416303194486 
0 0.4088898805471567 0.505399960737962 0.04469710129957933 0.0520177254310021 
0 0.4813372355241042 0.5036220917334924 0.13426857728224534 0.17930705730731672 
0 0.5702900886535645 0.5077029558328482 0.09082390711857723 0.06447546298687275 
0 0.5814391466287466 0.575924249795767 0.04906870768620418 0.05776023864746094 
0 0.43101178682767427 0.5977453085092398 0.060758003821739785 0.03251464550311749 
0 0.05324798707778637 0.6572285432081956 0.09644135374289292 0.13045369661771333 
0 0.31466312591846174 0.6891092887291541 0.07752776145935059 0.10602716299203727 
0 0.9731724444203652 0.7355680465698242 0.05365511058614804 0.06737488966721755 
0 0.6047134216015155 0.8101708338810847 0.17013890926654524 0.11592556880070613 
0 0.18885274116809553 0.8623900046715369 0.046124586692223184 0.05347427955040565 
0 0.39682657902057356 0.8576426139244666 0.06816273469191331 0.043915968674879804 
0 0.2543399792451125 0.877588308774508 0.054244720018827 0.03484146411602314 
