0 0.7416425118079553 0.3850109760577862 0.02128879840557392 0.022794796870304987 
0 0.7441942141606257 0.4388984716855563 0.04368936098538912 0.025725034567025993 
0 0.8360567092895508 0.46157382084773135 0.027303548959585335 0.02056539975679838 
0 0.6437834592965933 0.4867716752565824 0.05061553074763371 0.03685676134549654 
0 0.448302305661715 0.7050788952754095 0.0965284934410682 0.1132656244131235 
0 0.4724708703848032 0.7524551611680251 0.04106470254751352 0.04149268223689152 
0 0.7303783710186298 0.8057915614201472 0.03822135925292969 0.03597112802358774 
0 0.6202163512890155 0.8140317843510554 0.03499518907987154 0.06100309812105619 
0 0.1867129894403311 0.8152800706716684 0.05601059473477877 0.0797896018395057 
0 0.31231303398425764 0.8363381532522348 0.06089535126319298 0.04290969555194561 
