0 0.7732691031235915 0.3701389752901517 0.02251779116117037 0.02076303041898287 
0 0.7802927677447979 0.42197524584256685 0.04784518021803636 0.022087610684908353 
0 0.8858193250802847 0.4374098044175368 0.029552533076359674 0.018178719740647536 
0 0.6705295122586764 0.47523892842806303 0.05488292987530048 0.03246435752281776 
0 0.46645426750183105 0.6996944134051983 0.10133226101215069 0.10380231417142428 
0 0.49739980697631836 0.7437272071838379 0.04362759223351112 0.03763602330134465 
0 0.7928764269902155 0.7770935938908503 0.040812198932354264 0.03244854853703426 
0 0.6690509502704327 0.7927861213684082 0.03518955524151142 0.0570680911724384 
0 0.17938446540098923 0.8244433403015137 0.057706401898310736 0.0739428446843074 
0 0.3229027252930861 0.8359468533442571 0.06614067004277156 0.03766140571007362 
