0 0.3328082378094013 0.3365026620718149 0.024791937607985277 0.0269472415630634 
0 0.31505294946523815 0.39243542231046236 0.047821998596191406 0.03295153837937575 
0 0.21685471901526818 0.39053740868201625 0.030537898723895732 0.025357686556302585 
0 0.4018871600811298 0.470890265244704 0.056427295391376205 0.04566280658428486 
0 0.53563614991995 0.7551423219534067 0.11385129048274113 0.13270341433011568 
0 0.49811594302837664 0.7981745646550105 0.04746253673846905 0.04935015164888822 
0 0.22533398408156174 0.7819914451012244 0.043791624215932995 0.043121631328876205 
0 0.3330960273742676 0.8215150466332068 0.044170306279109076 0.06927673633282001 
0 0.7659523395391611 0.9442709042475774 0.06810439549959622 0.09193369058462289 
0 0.6344958085280198 0.9312213750985953 0.06767947857196514 0.05341603205754207 
