0 0.14809219653789812 0.5223391239459698 0.0221096919133113 0.02031531700721154 
0 0.1417989730834961 0.5726541739243728 0.04675028874323918 0.021814933189978965 
0 0.03935109652005709 0.5887426229623648 0.02892303466796875 0.017870609576885518 
0 0.24907687994150016 0.6231029950655423 0.05370059380164513 0.03193209721491887 
0 0.4498286980849046 0.838462389432467 0.09960284599891076 0.10146859975961539 
0 0.4201945708348201 0.8814702033996582 0.04281003658588116 0.03684858175424429 
0 0.13323644491342398 0.916970839867225 0.04001896197979267 0.031796822181114785 
0 0.2537989983191857 0.9308550541217511 0.034806324885441706 0.05561014322134165 
0 0.7302479927356427 0.9562975810124323 0.05687497212336613 0.07215705284705529 
0 0.5908186435699463 0.9689826231736404 0.06470060348510742 0.03706491910494291 
