0 0.721717541034405 0.47422401721660906 0.024269690880408652 0.023491272559532754 
0 0.7222033280592698 0.5271844680492694 0.048891507662259616 0.027760982513427734 
0 0.8222441673278809 0.5551848594958966 0.03074990786038912 0.02170837842501127 
0 0.609724760055542 0.5677705544691819 0.05694906528179462 0.03901224869948167 
0 0.38536324867835414 0.7693660075847919 0.11047590695894681 0.11613809145413913 
0 0.40990050022418684 0.8173074355492225 0.0467071166405311 0.0429074947650616 
0 0.6912135344285232 0.885802672459529 0.04335799584021935 0.03736429948073167 
0 0.5697184159205511 0.8869417997506949 0.04091868033775917 0.06146995837871845 
0 0.09296011466246384 0.860875863295335 0.06471517452826867 0.08105101952185997 
0 0.2301702774488009 0.8894154842083271 0.06845303682180551 0.04554418417123648 
