0 0.8204127825223483 0.5497250923743615 0.04415057255671574 0.038900595444899336 
0 0.557916732934805 0.5583982834449182 0.05409442461453951 0.03421159890981821 
0 0.5476913085350623 0.6073164022885836 0.029592293959397536 0.03367919188279372 
0 0.7061962347764236 0.6472054995023288 0.05565694662240835 0.054803114670973554 
0 0.7257123360267053 0.6818564488337591 0.04089032686673678 0.04683626615084135 
0 0.5043909916510949 0.7144300387455866 0.06229558357825646 0.07442290966327374 
0 0.7477594522329477 0.734654059776893 0.03186988830566406 0.029761534470778245 
0 0.5653042426476111 0.7357163429260254 0.04239375774676983 0.0496821036705604 
0 0.3653880816239577 0.7437115815969614 0.04690394034752479 0.058219542870154746 
0 0.43764438995948207 0.7700185042161208 0.043897151947021484 0.05252794119027945 
0 0.7792013608492337 0.8696480530958909 0.06177476736215445 0.06755916888897236 
0 0.4652743156139667 0.8522458810072678 0.04130704586322491 0.052327449505145736 
0 0.17760611497438872 0.8493042725783128 0.04130702752333421 0.05232737614558293 
0 0.5588175333463229 0.8898668655982385 0.04995588155893179 0.04753824380727915 
0 0.22914133622096136 0.8740068582388071 0.04400134086608887 0.053900645329402044 
0 0.4308592906365028 0.8937677236703726 0.043421268463134766 0.029291299673227165 
