0 0.9860844243890964 0.7300401100745568 0.0278311506486856 0.035067044771634616 
0 0.7223532750056341 0.7460048015301044 0.05507571880634014 0.03037606752835787 
0 0.7137275475722092 0.7918727948115423 0.029514386103703424 0.03062270237849309 
0 0.8798433083754319 0.8242618854229267 0.055861326364370495 0.04960133479191707 
0 0.9015040030846229 0.8559483014620267 0.040770457341120794 0.04259358919583834 
0 0.6731394987839919 0.8929359729473407 0.06198677649864784 0.06776266831618089 
0 0.926528160388653 0.9044599533081055 0.032053507291353665 0.026886573204627402 
0 0.7372194436880258 0.9109311470618615 0.04222327012282152 0.045211498553936295 
0 0.5300713319044846 0.9243841904860276 0.04658178182748648 0.053064933189978965 
0 0.6061269136575552 0.9467147680429312 0.04367611958430363 0.04782926119290865 
0 0.9646395536569449 0.9992836070461915 0.06172495621901292 0.0014327853344953977 
0 0.6381398714505709 0.9993041844035571 0.040979972252478965 0.001391630619764328 
