0 0.9154743047860953 0.5745417888347919 0.04956509516789363 0.04730422680194561 
0 0.6780413480905386 0.6761324955866888 0.057746520409217246 0.044703116783728965 
0 0.6863592954782339 0.7274062083317683 0.03490763444166917 0.039201589731069714 
0 0.8460483184227576 0.7100141231830304 0.06376053736760066 0.06531333923339844 
0 0.8764642568734976 0.7368385241581843 0.04830125661996695 0.05446265294001652 
0 0.6854092157804049 0.8470975435697116 0.07426621363713191 0.08599692124586839 
0 0.9157618375924917 0.7804393768310547 0.03615107903113732 0.03580328134390024 
0 0.748931517967811 0.8462157249450684 0.05032627399151142 0.057572511526254505 
0 0.568605899810791 0.9249404760507437 0.05640132610614483 0.06690216064453125 
0 0.644339341383714 0.9249238601097693 0.05235129136305589 0.06068237011249249 
0 0.9786308360500977 0.9007643919724685 0.042738327326682896 0.07912694490872897 
0 0.6993955098665677 0.9826141502708197 0.049904970022348255 0.03477169888523909 
0 0.7987289795508752 0.9850797284967624 0.05686327127309946 0.02984054243335357 
