0 0.9110820110027606 0.5866236319908729 0.04858185694767879 0.04062799307016226 
0 0.6408810798938458 0.6558384528526893 0.058736104231614336 0.037063305194561295 
0 0.6408877739539514 0.7039238856388972 0.03300784184382512 0.03442162733811598 
0 0.8138287617610052 0.7042915637676532 0.061580657958984375 0.056665860689603366 
0 0.8415699371924767 0.7321228614220252 0.045627520634577826 0.047845693734975964 
0 0.6192288215343769 0.8140823657696064 0.06969213485717773 0.07579289949857272 
0 0.8758687606224647 0.7763197238628681 0.03516718057485727 0.030916654146634616 
0 0.6869811644920936 0.819789299598107 0.04737083728496845 0.050667102520282455 
0 0.48149835146390474 0.8738015615023099 0.052601007314828724 0.059131695674015924 
0 0.5620965774242694 0.8815586383526142 0.049114263974703275 0.053488658024714544 
0 0.9377258374140813 0.8951265995319073 0.06874399918776292 0.0692586898803711 
0 0.6085625611818753 0.9519523473886343 0.0463860951937162 0.05307314946101262 
0 0.30975210666656494 0.9948195676104381 0.046386040174044095 0.010360864206002308 
0 0.7136779198279748 0.9653245118948129 0.0551762214073768 0.04930034050574669 
0 0.36852478981018066 0.999930014833808 0.04930389844454252 0.00013996975926252513 
0 0.5818928571847769 0.9915094374177548 0.04725441565880409 0.016981124591368895 
