0 0.8188953032860389 0.6142910994016207 0.04708400139441857 0.0378727912902832 
0 0.553439763876108 0.6740924028249887 0.0571294197669396 0.034201475290151745 
0 0.5526670676011306 0.7199761317326472 0.03187473003680889 0.03228422311636118 
0 0.7218467272244967 0.7243233827444223 0.05959466787484976 0.05297228006216196 
0 0.7485343859745905 0.7515214039729192 0.04405659895676833 0.04488079364483173 
0 0.5296930166391226 0.8245898393484262 0.0672468772301307 0.07115884927602914 
0 0.7813721069922814 0.7944870361915002 0.0340573971088116 0.02886354006253756 
0 0.5958817188556378 0.831601069523738 0.04572318150446965 0.047550348135141224 
0 0.3939853631533109 0.8783915593073919 0.050722745748666614 0.055559011606069714 
0 0.47270771173330456 0.887655991774339 0.04738961733304537 0.05021990262545072 
0 0.8399604650644156 0.9092830144442045 0.06642503004807693 0.06490186544565055 
0 0.5170238201434796 0.9559000455416166 0.04471397399902344 0.04988641005295973 
0 0.2236610192518968 0.9926670146389649 0.04471397399902344 0.014665970148948522 
0 0.6196399468642014 0.9710889229407678 0.0534215340247521 0.04604823772723858 
0 0.2809778543619009 0.9982372062424054 0.04755401611328125 0.0035255869420675132 
0 0.4901746419759897 0.9926951847110803 0.04593361341036283 0.014609630004717754 
