0 0.14652216892976028 0.20550664571615365 0.04609530705672044 0.04423917256868803 
0 0.3872035283308763 0.23899551538320687 0.07062556193425105 0.1260232558617225 
0 0.09226870995301467 0.3335127647106464 0.09334610975705661 0.08438869623037484 
0 0.9665889004961803 0.4577442499307486 0.06682219843451793 0.09869153683002178 
0 0.3348574454967792 0.49965940988980806 0.14069436146662787 0.14948371740487906 
0 0.3719453811645508 0.5869191793295053 0.06820319249079777 0.08570190576406625 
0 0.14215094309586745 0.6070804412548358 0.07299234316899227 0.07212422444270207 
0 0.23640208060924822 0.6823070966280423 0.06025382188650278 0.06999998826246995 
0 0.045184268401219294 0.6903581435863788 0.09036853680243859 0.16813824726985052 
0 0.470011252623338 0.9274614040668194 0.08754073656522311 0.05772663996769832 
