0 0.443752252138578 0.26770747624910796 0.08147313044621395 0.06694225164560172 
0 0.10363992131673373 0.3059969957058246 0.055565086694864124 0.05434544269855206 
0 0.023907526181294367 0.33775367186619687 0.047815052362588734 0.06950559982886681 
0 0.48711215532743013 0.3013834128013024 0.05952717707707332 0.0690911549788255 
0 0.3257818863942073 0.3331050689403827 0.09935351518484262 0.09986580335176908 
0 0.2482758301955003 0.3619954586029053 0.09720930686363807 0.05642094978919396 
0 0.5469595285562369 0.3483336338630089 0.061131954193115234 0.054798236260047324 
0 0.6354945989755484 0.3517625882075383 0.06209622896634615 0.06667760702279898 
0 0.7361264962416428 0.3488931105687068 0.11980064098651592 0.09628387597891 
0 0.40286680368276745 0.4025691289168138 0.08018977825458233 0.08519506454467773 
0 0.21359516107119048 0.43523452832148624 0.12290303523723896 0.06637796988854042 
0 0.6317530778738168 0.4264713984269362 0.08050999274620643 0.07210881893451397 
0 0.8822613129248986 0.40609832910391 0.11359090071458083 0.08791145911583534 
0 0.7111878028282752 0.4213398603292612 0.11016581608698918 0.09681147795457107 
0 0.15718034139046302 0.4823394555311937 0.12151132180140568 0.06626473940335788 
0 0.8856901388901931 0.4483363628387451 0.10117009969858023 0.05412068733802208 
0 0.7872012211726263 0.47760459092947155 0.06841190044696514 0.059323861048771784 
0 0.9722314246285421 0.4765794827387883 0.05553715016979437 0.09096578451303336 
0 0.7290720206040603 0.5035905104417068 0.08243744189922626 0.07882169576791617 
0 0.9197390996492826 0.5226291142977201 0.06691309121938852 0.057890818669245794 
0 0.8213561131403997 0.5359449019798865 0.08511499258188102 0.09477417285625751 
0 0.9950626078419961 0.5371069174546462 0.009874783742886323 0.1201925277709961 
0 0.7340009029094989 0.5643076713268573 0.1054537112896259 0.07282620209913987 
0 0.11907830605140099 0.6169747205880972 0.09485446489774264 0.06147435995248648 
0 0.6271605308239276 0.5769826082082895 0.06702155333298904 0.07625675201416016 
0 0.7886004447937012 0.5811257178966815 0.07997549497164212 0.08255514731773964 
0 0.2535411577958327 0.6339410084944505 0.08886399635901818 0.12392597932081956 
0 0.6865792641272912 0.6186531323653001 0.12472592867337741 0.10586302097027118 
0 0.14916520393811739 0.6769745166485126 0.057923619563762956 0.10043012178861178 
0 0.5584358252011813 0.6450184675363394 0.061457083775446966 0.10989607297457181 
0 0.3168136248221764 0.6713121120746319 0.060064150736882135 0.09273690443772536 
0 0.7861421291644757 0.6371290133549616 0.08650662348820613 0.09488729330209586 
0 0.45427294877859264 0.6734195122352014 0.058886784773606524 0.09526355449969952 
0 0.07165915454522921 0.7058649429908166 0.14067632891237736 0.09798159966102013 
0 0.20258728357461783 0.6965456008911133 0.06552386283874512 0.09186964768629807 
0 0.9352709696843073 0.6449305827801044 0.08436745863694411 0.11962663210355319 
0 0.5097296421344464 0.7007970443138709 0.08372695629413311 0.1457989766047551 
0 0.12304785618415245 0.7349019784193772 0.05931410422691932 0.083497194143442 
0 0.6022255604083722 0.7012465550349309 0.10973717616154598 0.09153175354003906 
0 0.18524755881382868 0.7418014086209811 0.04464565790616549 0.056079864501953125 
0 0.09382438659667969 0.7718235896183894 0.0443267272068904 0.0862120114839994 
0 0.40053813274090105 0.7707952719468337 0.14089184540968674 0.11766749161940354 
0 0.8933127476618841 0.7493205070495605 0.1173411149245042 0.1341092769916241 
0 0.07819907481853779 0.8381983316861666 0.05760343258197491 0.11351636739877555 
0 0.48522202785198504 0.8130682798532339 0.1450670315669133 0.11800699967604417 
0 0.565623613504263 0.85436094724215 0.15341722048245943 0.11868608914888822 
0 0.4674586516160231 0.9221338125375601 0.09229029141939603 0.13207200857309195 
0 0.9919705022699558 0.8893056649428147 0.01605899488696685 0.12750809009258562 
0 0.10111933488112229 0.966182158400233 0.12012210259070763 0.06763568262641247 
0 0.5230225049532377 0.941577471076296 0.08426145406869742 0.11684505727428657 
0 0.943102616386918 0.9509603792371658 0.11379476665304257 0.09807924095254678 
0 0.373258297259991 0.9709863661286923 0.09036783071664664 0.0580272671694939 
0 0.9857940672395321 0.994564606449925 0.028411864947814208 0.01087078652702845 
