0 0.6497585223271296 0.23303469327779916 0.08516172262338492 0.07450193625230056 
0 0.9583175365741436 0.32030641115628755 0.05963633610652043 0.058882639958308294 
0 0.9994718843641189 0.36253151526817906 0.00105623069864053 0.07189515920785758 
0 0.6036095802600567 0.2586624805743878 0.06583466896644005 0.07317814460167518 
0 0.7475773371182955 0.31298425564399135 0.1071153053870568 0.10778689384460449 
0 0.8143305411705604 0.3520936965942383 0.0974122560941256 0.06710991492638221 
0 0.539829841026893 0.2944823228395902 0.06471751286433293 0.06014526807344877 
0 0.45714183954092175 0.2845340141883263 0.06771021622877854 0.07132508204533504 
0 0.36435139179229736 0.26677604822012096 0.12483947093670185 0.10755282181959885 
0 0.6638390834514911 0.3676915535560021 0.08727638538067158 0.0912614969106821 
0 0.8335449512188251 0.42708415251511794 0.12227263817420372 0.0802447979266827 
0 0.44741247250483585 0.3563068096454327 0.08522147398728591 0.07915511498084435 
0 0.21876156330108643 0.2994899016160231 0.11776320750896747 0.09883704552283654 
0 0.37467384338378906 0.3395569691291222 0.11628004220815805 0.10658546594473031 
0 0.8775263933035043 0.4804074947650616 0.1210022706251878 0.07992920508751503 
0 0.20812081373654878 0.3392403034063486 0.10055811588580792 0.06557242686931904 
0 0.05070675336397611 0.3072373408537645 0.10141350672795223 0.08948991848872258 
0 0.2942608044697688 0.38184228310218227 0.07206650880666879 0.06545015481802133 
0 0.1009983649620643 0.3497169567988469 0.10859852570753831 0.10003845508282001 
0 0.3435625663170448 0.41529042904193586 0.08815435262826773 0.08568176856407753 
0 0.04019878919308002 0.3413468599319458 0.08039757838616005 0.1019119666172908 
0 0.16342876966183 0.40497493743896484 0.07046368488898644 0.06389221778282753 
0 0.2522887449998122 0.43235485370342547 0.0934149301969088 0.10090380448561448 
0 0.05328014220755834 0.40145133091853213 0.10354374091212566 0.12545255514291617 
0 0.3282664739168607 0.47243162301870495 0.10775404710036057 0.08359461564284104 
0 0.8890663660489596 0.6144331051753118 0.09620189666748047 0.07144744579608624 
0 0.4250806661752554 0.5004632472991943 0.07384879772479717 0.08096742630004883 
0 0.2746753234129686 0.4803121823530931 0.08661139928377591 0.08877706527709961 
0 0.7614065317007211 0.6105325405414288 0.10200075002817008 0.12854781517615685 
0 0.012198081383338341 0.42171305876511794 0.024396162766676683 0.08656751192533053 
0 0.3626310091752272 0.531314281316904 0.13097803409282976 0.11719516607431266 
0 0.8505726960989145 0.6671348351698655 0.07000446319580078 0.10204395881065956 
0 0.4767770217015193 0.5755760853107159 0.07487271382258488 0.11137074690598708 
0 0.6961435904869666 0.6367100752316989 0.07054989154522236 0.09522206966693585 
0 0.2670607383434589 0.5340628440563495 0.09468522438636193 0.10121943400456355 
0 0.025471425973452054 0.47148266205420863 0.05094285194690411 0.08517283659714919 
0 0.5683306547311636 0.6181984131152813 0.06994460179255559 0.09739079842200646 
0 0.917325863471398 0.706244211930495 0.14389368203970102 0.11228759472186749 
0 0.7975868078378531 0.6778154373168945 0.07529845604529747 0.09524257366473858 
0 0.12742291047022894 0.5192369681138259 0.09719234246474046 0.12387429750882663 
0 0.5120793122511643 0.6360166072845459 0.1013022202711839 0.1480870246887207 
0 0.864552901341365 0.7262514921335074 0.0682222659771259 0.08652679736797626 
0 0.4262455426729642 0.6226369417630709 0.11494995997502254 0.10161663935734676 
0 0.8056676937983587 0.7235427636366624 0.05013913374680739 0.058841778681828424 
0 0.012038923226870023 0.5344988566178542 0.024077846453740046 0.10096502304077148 
0 0.8851238397451547 0.7658086923452524 0.05524664658766527 0.08678113497220553 
0 0.6009464080517108 0.7190410540654109 0.1476113612835224 0.13060503739577073 
0 0.14788126945495605 0.6250076110546405 0.12940157376802885 0.14231406725369966 
0 0.8878843234135554 0.8314112516549917 0.07205941126896785 0.11415034074049729 
0 0.5149665979238657 0.7466947848980243 0.15142213381253755 0.13155188927283654 
0 0.43313019092266375 0.7740533168499286 0.15904382558969352 0.13344581310565656 
0 0.512167582145104 0.8533104016230657 0.1065364617567796 0.13663240579458383 
0 0.02477572514460637 0.7398087061368502 0.04955145028921274 0.12878190554105318 
0 0.8411444517282339 0.9549442069748273 0.12583710597111628 0.09011158547722377 
0 0.45558371910682094 0.872370719909668 0.09991234999436599 0.13846500103290266 
0 0.06286622010744534 0.83043883397029 0.1257324402148907 0.15479718721829927 
0 0.5789015293121338 0.9409050573236667 0.1158137321472168 0.11818988477954498 
0 0.015743089409974906 0.8972729536203238 0.03148617881994981 0.1410514391385592 
0 0.5284632902878982 0.9901703319583948 0.14634103041428786 0.019659335510088846 
