0 0.33456113705268276 0.2647201373026921 0.07853132027846116 0.06625551443833572 
0 0.021383865521504328 0.3089751830467811 0.042767731043008655 0.053560110238882214 
0 0.37651562690734863 0.29636324368990385 0.058078582470233626 0.06785334073580228 
0 0.22579562664031982 0.3304671966112577 0.09639925223130447 0.09836341784550594 
0 0.1538547735947829 0.36005168694716233 0.09288494403545673 0.0564568959749662 
0 0.43443929232083833 0.34049223019526553 0.05908327836256761 0.054116285764254056 
0 0.5178657861856314 0.34192622624910796 0.06039784504817082 0.06558319238516 
0 0.6124590726999136 0.33701254771305966 0.11540024097149189 0.0953524662898137 
0 0.30071088900932896 0.39600077042212856 0.07796480105473445 0.08381495108971229 
0 0.12373121197407062 0.4316111894754263 0.11726360596143283 0.0666040640610915 
0 0.5169053444495568 0.4142494201660156 0.07780984731820914 0.0712129152738131 
0 0.7519281827486478 0.3892241441286527 0.10930120027982272 0.08715163744412936 
0 0.5914752850165734 0.40759884394132173 0.10640654197105995 0.09565335053663987 
0 0.0722608153636639 0.4783608546623817 0.11595792953784649 0.06646497433002178 
0 0.7566021405733548 0.4299955368041992 0.09650993347167969 0.05432583735539363 
0 0.9206888125492976 0.42026151143587553 0.10059070587158203 0.07867281253521259 
0 0.6649299768301157 0.4603913747347318 0.06604986924391526 0.058633657602163464 
0 0.8612293463486892 0.4549652613126315 0.09929385552039513 0.08986172309288612 
0 0.6111226081848145 0.4867553344139686 0.07984594198373648 0.07772247607891376 
0 0.9381274443406326 0.45709439424368054 0.10205136812650241 0.09141390140240009 
0 0.7911873230567346 0.501113121326153 0.06459815685565655 0.0572205323439378 
0 0.6990681061377892 0.5160806362445538 0.08290430215688852 0.09315079909104568 
0 0.9008823174696702 0.5126466200901911 0.08959645491379958 0.11777588037344125 
0 0.6178414088029128 0.5453642698434683 0.1011661016024076 0.07244132115290715 
0 0.04322543511023888 0.6093634091890775 0.08645087022047776 0.061275335458608776 
0 0.517742028603187 0.5598918107839731 0.0653372911306528 0.07491911374605618 
0 0.66979430272029 0.5604668030372033 0.07767266493577224 0.08126669663649339 
0 0.16812903605974638 0.6229118934044471 0.08742329707512489 0.12132013761080228 
0 0.9650334211496207 0.5419262555929331 0.06853287036602314 0.0802935453561636 
0 0.5750814584585336 0.5989243800823505 0.12033976041353665 0.10468827761136569 
0 0.07138907450896043 0.6667439387394831 0.05766698947319618 0.09801483154296875 
0 0.4554057488074669 0.627143383026123 0.06130079122690054 0.10721169985257663 
0 0.22894730934729943 0.6577050502483661 0.0594019889831543 0.09064828432523288 
0 0.6694004352276142 0.6146744397970346 0.08421002901517428 0.09328985214233398 
0 0.9477767209307506 0.5900186025179349 0.10444655756537731 0.0731364763700045 
0 0.35836480214045596 0.6568212142357459 0.05838841658372145 0.09305741236760066 
0 0.03347048851159903 0.6963284199054425 0.06694097702319805 0.09743785858154297 
0 0.12232841895176814 0.684533742757944 0.06447867246774527 0.08993024092454177 
0 0.8099936705369216 0.6190489072066087 0.08306811406062199 0.1170807251563439 
0 0.41148616717411923 0.6821166552030123 0.08337794817410983 0.14228483346792367 
0 0.04879861726210667 0.7233150188739483 0.05837957446391766 0.08172944875863883 
0 0.4985375771155724 0.680585347689115 0.10582234309269832 0.09055695166954628 
0 0.1075631884428171 0.7286646916316106 0.04370721486898569 0.05499619704026442 
0 0.957228587080653 0.6555769993708684 0.08554282526557262 0.09099681560809796 
0 0.022565501025662973 0.7596395565913274 0.04445524671329902 0.08402244861309345 
0 0.3111390242209801 0.7521259968097394 0.13587073179391715 0.1164104021512545 
0 0.7740897398728591 0.720886047069843 0.11441333477313702 0.1317453384399414 
0 0.01952410202759963 0.8241562109727126 0.03904820405519926 0.11061690403864934 
0 0.3922728391794058 0.79120423243596 0.13978774730975813 0.11682759798490085 
0 0.4693435522226187 0.8294254082899827 0.14762188838078424 0.1176616228543795 
0 0.9792415177306304 0.7760837995089017 0.041516963965617694 0.15618382967435396 
0 0.37929580761836124 0.8970484366783729 0.0909110215994028 0.1292428236741286 
0 0.8963548586918757 0.853598741384653 0.06842224414532001 0.12433110750638522 
0 0.047284300510699935 0.9568041653300707 0.09456860102139987 0.08639166876673698 
0 0.43256324988145095 0.923617986532358 0.08351513055654672 0.1322311254648062 
0 0.8385287064772385 0.9329846820865686 0.1311039557823768 0.1340306352537412 
0 0.2946522602668175 0.9587989585617414 0.0912474485544058 0.08240208230339564 
0 0.9108414283165565 0.9744793083518744 0.1091905740591196 0.05104138272312971 
