0 0.3512367835411659 0.0647569321669065 0.07442364325890174 0.06600275864967933 
0 0.047313185838552624 0.10691381417787992 0.05098131069770226 0.05342492690453163 
0 0.39096386616046613 0.09679134763204135 0.05489675815288837 0.06775502516673161 
0 0.24714445150815523 0.12994356338794416 0.09122696289649376 0.09813317885765663 
0 0.1783981598340548 0.15911465424757737 0.08819376505338229 0.05605503228994516 
0 0.44580901586092436 0.14146189506237322 0.05596025173480694 0.05394614659822904 
0 0.5252645382514367 0.14348508302982038 0.05712696222158579 0.06545753662402813 
0 0.6154041657081017 0.13921936200215265 0.10937947493333083 0.09497157426980826 
0 0.3180151077417227 0.19620356192955604 0.07374901037949783 0.0836487916799692 
0 0.14917129278182983 0.2306828315441425 0.11137684491964486 0.06607477481548603 
0 0.5238108084752009 0.216023692717919 0.07369742026695839 0.07098863675044133 
0 0.7478635127727802 0.19256892571082482 0.1036226566021259 0.08677607316237229 
0 0.5948904477632962 0.20987539107982928 0.10079589256873497 0.0953384729532095 
0 0.09979582520631644 0.27721532491537243 0.11013213029274574 0.06594446989206168 
0 0.7520117392906775 0.23349833488464355 0.09166878920335036 0.05388784408569336 
0 0.9083816454960749 0.2248845650599553 0.09537645486684945 0.07831998971792367 
0 0.664464730482835 0.2633449664482704 0.06257277268629807 0.05843481650719276 
0 0.8514862427344689 0.2592781507051908 0.09405363523043118 0.08957074238703801 
0 0.6130151932056134 0.2894127368927002 0.07559039042546199 0.0775141716003418 
0 0.9247180131765512 0.2619528678747324 0.09667286506065956 0.0911104312309852 
0 0.7844251852769119 0.30507683753967285 0.06119852799635667 0.05702543258666992 
0 0.6965673520014837 0.31944461969228893 0.07839078169602615 0.09299300267146184 
0 0.8888269937955416 0.31741466889014613 0.08458790412315956 0.11768572147075947 
0 0.6189782619476318 0.3482487935286302 0.09597312487088717 0.07205504637498122 
0 0.06906361534045292 0.4084013241987962 0.08622285494437584 0.060910628392146185 
0 0.5235223770141602 0.3621193262246939 0.061768531799316406 0.07480177512535682 
0 0.6683523838336651 0.36376193853525013 0.07348977602445163 0.08109070704533504 
0 0.19003593921661377 0.4228823735163762 0.08248730806203988 0.12126225691575271 
0 0.9497146239647498 0.34723390065706694 0.06477656731238732 0.08017859092125526 
0 0.5778489846449631 0.40167370209327113 0.11402108119084285 0.10431579443124625 
0 0.09756160240906936 0.4661709161905142 0.054273706216078535 0.09806115810687725 
0 0.4636440093700702 0.42914053109975964 0.05767062994150015 0.10727508251483624 
0 0.24770788046029898 0.45820870766272914 0.05598537738506611 0.09064755072960487 
0 0.6675732685969427 0.4181332771594708 0.0796353266789363 0.09312332593477689 
0 0.9344655917241023 0.3953643578749437 0.10219684013953576 0.07270658933199368 
0 0.3709884606874906 0.45822930335998535 0.054999901698185846 0.09307527542114258 
0 0.04642029450489925 0.49534205289987415 0.0928405890097985 0.09692613895122822 
0 0.14595026694811308 0.48437246909508336 0.06083469207470234 0.0898896730863131 
0 0.8014599359952487 0.4235067184154804 0.07836422553429237 0.1170342151935284 
0 0.4213996667128343 0.48397478690514195 0.07846736907958984 0.14235452505258414 
0 0.07562193732995254 0.5227574751927302 0.05507795168803288 0.08169419948871319 
0 0.5043301215538611 0.4830490075624906 0.10027738717886117 0.09022232202383187 
0 0.13155707946190467 0.5285354760976938 0.04128267214848445 0.05494059049166166 
0 0.9474301338195801 0.4612231437976544 0.09293856987586388 0.09071955314049354 
0 0.05036342373261085 0.5590096070216253 0.0417747451708867 0.08409797228299655 
0 0.3252942653802725 0.5534957922421969 0.12875023254981408 0.1159815054673415 
0 0.7665013900169959 0.5254050218141996 0.10815979884221004 0.13154260928814226 
0 0.03804434606662163 0.6236373461209811 0.05432528945115896 0.11072129469651443 
0 0.4022854474874643 0.5932628008035513 0.13248447271493766 0.11637251193706806 
0 0.4754127355722281 0.632141663477971 0.139952879685622 0.11715426811805138 
0 0.9711342956870794 0.5823174439943753 0.057731408052719556 0.15640005698570839 
0 0.38913567249591535 0.6993411504305326 0.085754577930157 0.1291971206665039 
0 0.8819735967195951 0.6593823799720178 0.06433464930607723 0.12442383399376503 
0 0.0622617992071005 0.7632897817171537 0.10976835856070885 0.09880865537203275 
0 0.43967646818894607 0.7263656762930063 0.07867505000187801 0.13225247309758112 
0 0.8262698833759015 0.7427704884455755 0.12400421729454628 0.1420596196101262 
0 0.30765493099506086 0.8138652948232797 0.08562359443077674 0.18866069500262922 
0 0.1388878455528846 0.8987484711867112 0.1110382080078125 0.13564036442683294 
0 0.8945730282710149 0.8209328284630408 0.1031808853149414 0.13102135291466346 
0 0.34530655237344593 0.8874806257394644 0.1275055041679969 0.11585110884446365 
