0 0.27985968039585996 0.23333605436178353 0.09023492152874286 0.08041882514953613 
0 0.32866209286909837 0.2626448136109572 0.06933837670546311 0.07950582871070275 
0 0.17326214221807626 0.3186400211774386 0.11311856599954459 0.11681334788982685 
0 0.10088116389054519 0.35988956231337327 0.10370140809279221 0.0718402495751014 
0 0.3960997508122371 0.30359124220334566 0.06847814413217398 0.06503877272972694 
0 0.48485460648169887 0.2947641152601976 0.07141938576331505 0.07738986382117638 
0 0.5846081513624924 0.277618224804218 0.13232099092923677 0.11603964292086087 
0 0.2616226306328407 0.3808305263519287 0.09207553129929763 0.09900294817410983 
0 0.0785497146157118 0.4417409713451679 0.13027378343618834 0.08573315693781926 
0 0.49358439445495605 0.37381625175476074 0.09017478502713717 0.08559384712806115 
0 0.7397000606243427 0.3172280421623817 0.12489091433011569 0.10654805256770207 
0 0.5718478422898513 0.3572690486907959 0.12307665898249699 0.11521137677706204 
0 0.04733315339455238 0.4991744298201341 0.09466630678910476 0.0854188112112192 
0 0.750157723060021 0.36114318554218 0.10714971102201022 0.0700387221116286 
0 0.9230321737436148 0.3300799223092886 0.11472628666804387 0.09642769740178035 
0 0.6569403134859525 0.4057360612429105 0.0762951190655048 0.07072767844566932 
0 0.8645910483140212 0.3753617543440599 0.11493279383732723 0.10815007870013897 
0 0.6033748846787673 0.4412119388580322 0.09317610814021184 0.09276995292076698 
0 0.9437561033723446 0.3681065486027644 0.11248779268218921 0.11015114417442909 
0 0.7964584644024189 0.43445178178640514 0.07460095332219051 0.06904099537776066 
0 0.700686711531419 0.46226213528559756 0.0984650391798753 0.10955256682175857 
0 0.9144602188697228 0.43337497344383824 0.10877631260798527 0.13657030692467323 
0 0.6184077629676232 0.5043398967156043 0.11445955129770133 0.08988031974205604 
0 0.03292383597447322 0.646040127827571 0.06584767194894645 0.07670090748713566 
0 0.5141053383166974 0.5326641339522141 0.07780893032367413 0.08793944578904372 
0 0.6755943665137658 0.5143510745121882 0.09142193427452674 0.09625823681171124 
0 0.15146790100977972 0.6449934519254245 0.10702201036306527 0.1400585908156175 
0 0.9727907912948957 0.4573392684643085 0.05441841683708704 0.09405755996704102 
0 0.5802358113802396 0.5681211764995868 0.13871053548959586 0.1265892615685096 
0 0.05468194587872578 0.7048816314110389 0.07307969033718109 0.11149897942176232 
0 0.4569976513202374 0.6138266049898587 0.07810189173771785 0.1217343257023738 
0 0.2207198693202092 0.6753902802100549 0.0738534927368164 0.10389364682711087 
0 0.6824834896967962 0.5735615950364333 0.09983246143047626 0.10986694922814003 
0 0.9578734176376691 0.5117738797114446 0.08425316415154017 0.09145223177396335 
0 0.3579841943887564 0.6583046179551345 0.07313981423011193 0.10632404914269081 
0 0.029358137112397414 0.7461311633770282 0.05871627422479483 0.12075541569636418 
0 0.11115482678780189 0.7179519213162936 0.07899591555962196 0.10377883911132812 
0 0.8323203233572153 0.5608226152566763 0.10193964151235727 0.13499835821298453 
0 0.4177852043738732 0.6792945678417499 0.10574106069711539 0.16181656030508187 
0 0.03832683554635598 0.7694366528437688 0.07156588681615315 0.09428721207838792 
0 0.5099884363321158 0.6667796098268949 0.12176942825317383 0.10972195405226487 
0 0.10142966417165902 0.7679550831134503 0.05272404964153583 0.0640108401958759 
0 0.9716394863163049 0.5815640963040866 0.056721026794268534 0.1092080336350661 
0 0.022064261711560763 0.8123484024634728 0.04412852342312153 0.09494612767146184 
0 0.32069875643803525 0.7682016812838041 0.15636535791250375 0.14102613008939302 
0 0.8079341374910795 0.6764386800619272 0.13632899064284104 0.15458022631131685 
0 0.02418472904425401 0.884309145120474 0.04836945808850802 0.124908080467811 
0 0.4120943362896259 0.8007445702185998 0.16046729454627404 0.14196924062875602 
0 0.4990612543546237 0.8328582323514498 0.1686711678138146 0.14385560842660758 
0 0.41258646891667294 0.9178778941814716 0.11171751755934495 0.14892145303579477 
0 0.9556148602412298 0.8060493836036096 0.08781953958364633 0.14083224076491135 
0 0.06220833154825064 0.9863370013638184 0.12441666309650128 0.027325996699241493 
0 0.47271427741417515 0.9323320754158956 0.10449402148907001 0.13533584859508735 
0 0.905490178328294 0.9044235669649564 0.15502438178429237 0.16795921325683594 
0 0.3382033476462731 0.973874788874617 0.1202405966245211 0.05225042167764444 
0 0.963630052569967 0.9516235130051007 0.07273989428694431 0.0967529734166769 
