0 0.8607809360210712 0.2539263963699341 0.04598734929011418 0.05817532539367676 
0 0.8056934063251202 0.261823085638193 0.04010728689340445 0.054363214052640475 
0 0.7354143216059759 0.28239986529717076 0.08945560455322266 0.07606588877164401 
0 0.6500192972329947 0.33327489632826585 0.08245156361506535 0.0835723510155311 
0 0.981780308800248 0.3335240345734816 0.036439381826382414 0.08617021487309383 
0 0.4893721066988431 0.3393173676270705 0.06596227792593148 0.06710952978867751 
0 0.837699816777156 0.3409059139398428 0.10602070735051082 0.11014683430011456 
0 0.7309943712674655 0.3453512558570275 0.08587220998910758 0.060942503122182995 
0 0.5844040833986722 0.34753005321209246 0.062444063333364636 0.06708750357994667 
0 0.23140694544865534 0.35100471056424654 0.09523267012376052 0.05596769773043119 
0 0.29949787946847767 0.3669373622307411 0.09885938350970928 0.08115852796114408 
0 0.17649305783785307 0.3991714440859281 0.11875842167780949 0.07247466307419997 
0 0.6350716444162222 0.4025847361637996 0.09765955118032602 0.07485903226412259 
0 0.7394532423753005 0.40318789848914516 0.08949896005483773 0.08613337003267728 
0 0.3911471733680138 0.40663310197683483 0.06473533923809345 0.05451785601102389 
0 0.9916535889586577 0.41394629845252406 0.016692821509563006 0.06351096813495342 
0 0.2951322152064397 0.4424731548015888 0.08131676453810471 0.09237406804011418 
0 0.16973304748535156 0.4633959990281325 0.05678628041194035 0.11487131852370042 
0 0.3550408986898569 0.4647495379814735 0.0717773804297814 0.055820428408109225 
0 0.853645398066594 0.5031487941741943 0.11295435978816105 0.08628063935499924 
0 0.6706992846268874 0.5055558314690223 0.11412704907930814 0.0862880486708421 
0 0.23327934741973877 0.5133359615619366 0.07650087429926945 0.0634005619929387 
0 0.5570657436664288 0.5352141490349402 0.08250581301175632 0.09615674385657677 
0 0.44215099628155047 0.5397109801952655 0.14589478419377253 0.1103971554682805 
0 0.9977926472918346 0.5661584780766413 0.00441470484320934 0.11256063901461087 
0 0.7108553372896634 0.5707443127265344 0.08728350125826322 0.11632123360267052 
0 0.9512940553518442 0.5742686711824857 0.08383582188532902 0.132658811715933 
0 0.2841204129732572 0.6086606612572303 0.16115159254807693 0.11300974625807542 
0 0.13289328721853402 0.6234532869779147 0.04401052915132963 0.14373441842886117 
0 0.8494749436011682 0.6239883349491999 0.09549294985257663 0.11637269533597507 
0 0.5669251405275785 0.6458978469555194 0.11780808522151066 0.12406323506281926 
0 0.2397939241849459 0.6643117391146146 0.1403780717116136 0.19090043581449068 
0 0.6586882701286902 0.7120208006638747 0.08832619740412785 0.08612603407639724 
0 0.7795428129342886 0.7251051756051871 0.1247252684373122 0.09642182863675632 
0 0.5956355241628793 0.7765987836397611 0.2210981662456806 0.14484625596266526 
0 0.4165385869833139 0.8557484700129583 0.18236442712637094 0.1370526827298678 
0 0.8768200140732986 0.16573259922174308 0.03654017815223107 0.043015159093416654 
0 0.6553191038278433 0.2023604649763841 0.07546373514028695 0.09485413477971004 
0 0.7351811115558331 0.2282869999225323 0.0565802500798152 0.06705067707942082 
0 0.9634058657460488 0.23314343965970552 0.07318826793478085 0.06716111990121695 
