0 0.19332225506122297 0.08056486340669486 0.06013224675105168 0.07123657831778893 
0 0.2594193128439096 0.08337639157588665 0.05279632715078501 0.06628509209706233 
0 0.3448732357758742 0.09900200596222511 0.11336145034203163 0.09604380222467276 
0 0.45148799969599795 0.14764568438896766 0.10579538345336914 0.10395620419428898 
0 0.042168149581322305 0.188850632080665 0.08433629916264461 0.10821102215693547 
0 0.6424157252678504 0.136373914205111 0.08466203396136944 0.08345356354346642 
0 0.23001062870025635 0.1776534731571491 0.13629871148329514 0.13675041382129377 
0 0.35687543795658994 0.17066148611215445 0.10764558498676007 0.0783528548020583 
0 0.5307381519904504 0.1565532088279724 0.08049249649047852 0.08308033759777363 
0 0.9450467548404748 0.12054858299402091 0.10990648974592869 0.07357559754298283 
0 0.8702807426452637 0.14652529129615197 0.12499581850492038 0.10281166663536659 
0 0.9727888472664815 0.16954066661687997 0.05442230489391547 0.09482467174530029 
0 0.47664332389831543 0.22540117227114165 0.12296166786780724 0.09547154720012958 
0 0.3530736519740178 0.23791691890129676 0.11439231725839469 0.10758896974416879 
0 0.765994145320012 0.20240993683154768 0.08198371300330529 0.06889774249150203 
0 0.03424521134449886 0.2832023363846999 0.06849042268899772 0.08211000149066632 
0 0.8835715147165152 0.23261620448185846 0.10530743232140174 0.11393378331111027 
0 0.9975647924897763 0.24239446566655085 0.004870414447325926 0.13729774034940279 
0 0.8150074298565204 0.26493772176595837 0.09045175405649039 0.07108737872197078 
0 0.22856452831855187 0.36543620549715483 0.14218970445486215 0.1100772344149076 
0 0.4455132484436035 0.3474712005028358 0.14357955639178938 0.11020161555363582 
0 0.958029196669276 0.30683839321136475 0.08394160608832653 0.08024386259225699 
0 0.5832943732921894 0.3685955817882831 0.10708394417395958 0.11838755240807167 
0 0.7198882469764123 0.3607327204484206 0.18355428255521333 0.14098039040198693 
0 0.03634788210575397 0.45881786713233363 0.07269576421150795 0.1378948871905987 
0 0.40495808307941145 0.4267445894388052 0.11470504907461312 0.14197551287137544 
0 0.12054996307079609 0.4580214573786809 0.11221054884103629 0.16036319732666016 
0 0.9067694222411284 0.42186689376831055 0.1864611549446216 0.14548404400165266 
0 0.034477004638085 0.5049984088310828 0.06895400927617 0.10069667376004733 
0 0.2464940731342022 0.503480287698599 0.1244341776921199 0.14284647428072417 
0 0.5835145986997164 0.49658740483797514 0.15161481270423302 0.1538691520690918 
0 0.9402689198748424 0.4806375686938946 0.11946215967719372 0.23271945806650016 
0 0.481933960547814 0.5827780503493089 0.11300241030179538 0.10746442354642428 
0 0.34019465629871076 0.6114669763124906 0.1571192557995136 0.12286644715529221 
0 0.5635585234715388 0.6496601104736328 0.27598509421715367 0.18790758573091948 
0 0.7841978073120117 0.7201000360342172 0.22934634868915266 0.1751431685227614 
0 0.16484425159601065 0.003874222246500162 0.04746705752152663 0.007748444493000324 
0 0.4311377635368934 0.028139962599827692 0.09861582976121169 0.056279925199655384 
0 0.3393324980368981 0.039088006202991195 0.07354312676649827 0.07817601240598239 
0 0.06895195176968208 0.06842277600215031 0.09439115111644451 0.08432446993314303 
