0 0.22395610809326172 0.29782068729400635 0.05120504819429838 0.05686427996708797 
0 0.2850476595071646 0.30570372251363903 0.04466944474440355 0.05312844423147348 
0 0.3629530943357028 0.3259988473011897 0.0994864610525278 0.07445021776052621 
0 0.457531763957097 0.37588058985196626 0.09174013137817383 0.08174408399141751 
0 0.05677209278711906 0.3749099694765531 0.10607237426134256 0.0843198116009052 
0 0.6357426459972675 0.3823106655707726 0.0733941518343412 0.06564055956326999 
0 0.24928504687089187 0.3826891092153696 0.11797316257770245 0.1077282245342548 
0 0.36765525891230655 0.38738104013296276 0.09546268903292142 0.05969575735238882 
0 0.5302830292628362 0.3899974456200233 0.06949083621685322 0.06560721764197716 
0 0.9219048573420598 0.39457051570598894 0.10583129295935997 0.05487768466656025 
0 0.846310358781081 0.4098735222449669 0.10993554041935848 0.07944620572603665 
0 0.958341525007899 0.4417097018315242 0.08331694941108043 0.07104785625751202 
0 0.4738936240856464 0.4434966307419997 0.10858414723322941 0.07330124194805439 
0 0.35808544892531174 0.44373394892765927 0.09956689981313852 0.08426424173208383 
0 0.7445028745211087 0.44826252643878645 0.07199258070725661 0.05336192937997671 
0 0.04380339842576247 0.4532444110283485 0.08760679685152493 0.06222713910616361 
0 0.8509120941162109 0.48352327713599574 0.09050941467285156 0.09032018368060772 
0 0.9791429224782265 0.5043408870697021 0.04171415447042538 0.1121682753929725 
0 0.7843749706561749 0.5050378946157602 0.07980918884277344 0.05465536851149339 
0 0.23107491089747503 0.5407959681290847 0.12558891223027155 0.08448663124671349 
0 0.4340368600992056 0.5437569985022912 0.12688999909621018 0.08449774522047776 
0 0.9193079654987042 0.5528107423048753 0.08507383786714993 0.06206035614013672 
0 0.5600127990429218 0.5730507373809814 0.09184063397921048 0.09401156352116512 
0 0.6874906833355243 0.5778205211345966 0.16221061119666466 0.10810624636136569 
0 0.036788103672174305 0.6015927791595459 0.07357620734434861 0.11002602944007286 
0 0.3892770547133226 0.6071702516995944 0.09720574892484225 0.11368414071890023 
0 0.12251083896710323 0.6097982296576867 0.09343300874416645 0.12959858087392953 
0 0.8625971353971041 0.6455660416529729 0.17914500603309044 0.11070416523860051 
0 0.03363712246601398 0.6408489484053391 0.06727424493202797 0.07925712145291842 
0 0.23531500192788932 0.6586088584019587 0.10631343034597543 0.11376193853525016 
0 0.5487200296842135 0.6809162359971267 0.13109471247746393 0.12133370912992038 
0 0.9115971051729642 0.6999657154083252 0.15634800837590143 0.18656286826500526 
0 0.4467016000014085 0.7450670462388259 0.0982657212477464 0.08425309107853816 
0 0.3125775777376615 0.7574162850013146 0.13868031134972206 0.09441184997558594 
0 0.5164488645700308 0.8082319039564866 0.24575240795428938 0.14194011688232422 
0 0.7148948265955999 0.885991646693303 0.2027558180002066 0.1342127139751728 
0 0.20644380496098444 0.2117922122661884 0.04067571346576397 0.042054286369910605 
0 0.4520709331219013 0.2482425066140982 0.08402391580434945 0.09271812438964844 
0 0.3633850171015813 0.27324837904710036 0.06298527350792518 0.0655516110933744 
0 0.10961979169111985 0.27721428871154785 0.08250185159536508 0.06571839405940129 
