0 0.12077703842749962 0.20455742799318755 0.053835318638728216 0.0678717723259559 
0 0.18440013665419358 0.2121502894621629 0.047006973853478067 0.0633859451000507 
0 0.26583292851081264 0.2339783265040471 0.1041571727165809 0.08913630705613357 
0 0.36543086858896107 0.2904110596730159 0.0962068851177509 0.09772097147428073 
0 0.0025510343794639292 0.30077149317814755 0.0051020687589278585 0.10089698204627404 
0 0.5505428681006799 0.2929168939590454 0.07697054056020883 0.07846779089707595 
0 0.14953806308599618 0.304466201708867 0.12374899020561805 0.12875903569735014 
0 0.2725043755311232 0.30662981363443226 0.09980111855726975 0.07160419684190017 
0 0.44133490782517654 0.30506102855388934 0.07291925870455228 0.07839521994957557 
0 0.8478430601266714 0.2992348304161659 0.110503049997183 0.0659778301532452 
0 0.7698475764347956 0.3195523757200975 0.11506227346567008 0.09514971879812387 
0 0.9122787255507249 0.3533865488492526 0.13784195826603815 0.08537615262545072 
0 0.38438329329857457 0.3701196267054631 0.11358492191021259 0.08785068071805514 
0 0.26421942160679746 0.3737275233635536 0.10436030534597543 0.10077604880699745 
0 0.665325825030987 0.3679980498093825 0.07536624028132512 0.06389397841233474 
0 0.7767730126014123 0.4067535033592811 0.09503423250638522 0.10788147266094501 
0 0.9216765257028433 0.4274445863870474 0.06713214287391076 0.13356293164766753 
0 0.7083575908954327 0.4341765550466684 0.08349433312049279 0.06549402383657602 
0 0.13525816798210144 0.49247110806978667 0.1313691368469825 0.10125981844388522 
0 0.34595237328455997 0.49015245070824254 0.1327196084536039 0.10128399041982797 
0 0.8497684552119329 0.4869494621570294 0.08904831226055439 0.07432053639338566 
0 0.477529213978694 0.5212702200962946 0.09646081924438477 0.11227061198307918 
0 0.6099486351013184 0.5232644631312444 0.1696640161367563 0.12958141473623422 
0 0.30135785616361177 0.5666330777681791 0.10226887923020583 0.13564682006835938 
0 0.03694643882604746 0.5774118166703445 0.07389287765209492 0.15448874693650466 
0 0.7936294262225811 0.5985669356126052 0.1872705312875601 0.13280589763934797 
0 0.9681157332200271 0.6114510572873629 0.05286128704364483 0.1667609948378343 
0 0.14309777663304254 0.6320509727184589 0.11172201083256648 0.13581609725952148 
0 0.46896037688622105 0.6495006084442139 0.13753278438861555 0.1450054828937237 
0 0.8460635772118201 0.6616661732013409 0.1645370630117563 0.2225782687847431 
0 0.3649718761444092 0.7285005496098444 0.10300984749427208 0.10075180347149189 
0 0.22615575331908006 0.7469966961787298 0.14507668751936692 0.11314150003286508 
0 0.4391907728635348 0.8013974703275241 0.2567778000464806 0.17041367750901443 
0 0.6473826995262733 0.8879042772146372 0.21206100170428938 0.16088566413292518 
0 0.10009327760109535 0.1030485538335947 0.04272707609029917 0.05021869219266451 
0 0.35603769008929914 0.13921566651417658 0.0883327630849985 0.11067050236922044 
0 0.2647409622485821 0.17141484297238863 0.06616706114548904 0.07827423169062687 
0 0.022371881283246554 0.18340670145474947 0.04474376256649311 0.07863708642812875 
