0 0.1913375762792734 0.10959494113922119 0.05162424307603102 0.06381353965172401 
0 0.24909074489886945 0.12081340184578529 0.04521615688617413 0.05948208845578707 
0 0.3222126135459313 0.1462167088802044 0.0984489184159499 0.08497083187103271 
0 0.40968671211829555 0.2044064998626709 0.09145626654991737 0.0925285265995906 
0 0.04041457176208496 0.18579007112062895 0.08082914352416992 0.0959457067342905 
0 0.5790105049426739 0.21918396766369158 0.07317957511314979 0.07428856996389535 
0 0.21108890496767485 0.20265600314507118 0.11774218999422513 0.121812471976647 
0 0.3235345253577599 0.2129275156901433 0.09386348724365234 0.06881935779864971 
0 0.47821938074552095 0.22289007443648118 0.06946538044856145 0.0740813658787654 
0 0.8508027883676382 0.24500911052410418 0.10347747802734375 0.06405713008000301 
0 0.7780514130225549 0.25827593069810134 0.1086438252375676 0.09083813887376052 
0 0.9062325037442721 0.2987456780213576 0.1291825954730694 0.08271156824552096 
0 0.42178810559786284 0.27838240219996524 0.10704275277944711 0.08412561049828163 
0 0.31152817836174596 0.2735637976573064 0.09902981611398551 0.09560032991262582 
0 0.6791593478276179 0.2954065432915321 0.07121548285851112 0.06093263626098633 
0 0.02755042452078599 0.269721113718473 0.05510084904157198 0.0719602108001709 
0 0.7786472393916204 0.3382736902970534 0.09072633890005258 0.1017603140610915 
0 0.9099579591017503 0.3669233047045194 0.06603417029747596 0.12422625835125263 
0 0.7141992495610163 0.35866748369657075 0.07871635143573467 0.06267569615290715 
0 0.18562784103246835 0.37315913347097546 0.12379104357499343 0.09698181885939378 
0 0.3786925719334529 0.38526289279644305 0.12502901370708758 0.09705081352820763 
0 0.8401984801659217 0.41634108470036435 0.08410417116605319 0.0709240986750676 
0 0.4971143649174617 0.42252265490018404 0.09218230614295372 0.10581544729379508 
0 0.6182264548081619 0.4332776619837834 0.1598361822275015 0.1241608032813439 
0 0.017675326420710638 0.42994009531461275 0.035350652841421276 0.1235028413625864 
0 0.3328229647416335 0.45200639504652756 0.0982962755056528 0.12735077051016 
0 0.07873026682780339 0.4431616159585806 0.0955259708257822 0.14441655232356146 
0 0.7814437059255747 0.5143515330094558 0.17607622880202073 0.1277161744924692 
0 0.013274184786356412 0.4724581975203294 0.026548369572712824 0.08966398239135742 
0 0.9403547140268179 0.5378772845635047 0.05408536470853365 0.15402636161217323 
0 0.18360979740436262 0.5009897305415227 0.10696268081665039 0.12783432006835938 
0 0.4808204907637376 0.5388948550591102 0.1309214738699106 0.1371187430161696 
0 0.8252953749436599 0.5754385911501371 0.1582927703857422 0.20885170423067534 
0 0.3804036837357741 0.6039279057429388 0.0977917817922739 0.09553131690392128 
0 0.25208484209500825 0.6114291961376483 0.13675249539888823 0.10830193299513596 
0 0.4435559602884146 0.6754209078275241 0.24103241700392503 0.16445600069486177 
0 0.6284774633554312 0.7683675839350774 0.19974077664888823 0.1542045153104342 
0 0.17908722620743972 0.019638971640513495 0.040848493576049805 0.03927794328102699 
0 0.41104753200824445 0.06587733729527546 0.08468136420616737 0.10407233123595898 
0 0.32533472317915696 0.08908301821121803 0.06327506212087777 0.07373599364207341 
0 0.08355003136854905 0.0822576513657203 0.08184594374436599 0.07477207367236798 
