0 0.4195282459259033 0.3744633931380052 0.09263966633723332 0.11948662537794846 
0 0.305174314058744 0.5193227071028489 0.06775151766263522 0.12436598997849685 
0 0.34436809099637544 0.553583915417011 0.045872981731708236 0.05497338221623348 
0 0.5396051406860352 0.5711203721853403 0.14125398489145133 0.14292152111346906 
0 0.4168378389798678 0.738413407252385 0.12114422137920673 0.15625183398907 
0 0.41429343590369594 0.7589958264277532 0.06850858835073617 0.08988725222074069 
0 0.6192311690403864 0.7254357704749475 0.07356720704298753 0.08916840186485878 
0 0.6844035570438092 0.7274842262268066 0.06393834260793832 0.09886103409987229 
0 0.979473029048397 0.8156563685490534 0.041053941330084436 0.12181751544658954 
0 0.5110193766080416 0.9633642341941595 0.08692580003004807 0.0732715310385594 
