0 0.523936179968027 0.3525008880175077 0.07717576393714318 0.12053781289320725 
0 0.698958947108342 0.45720868844252366 0.0440819813654973 0.1349024772644043 
0 0.6717643370995154 0.5082054688380315 0.03961731837346004 0.054386175595797025 
0 0.4764547898219182 0.6036801338195801 0.1307997703552246 0.13415255913367638 
0 0.6689566465524527 0.7282848724952111 0.10092229109544021 0.15762629875769982 
0 0.6796350479125977 0.7485891488882211 0.056563157301682696 0.09106738750751202 
0 0.4543117376474234 0.7949977287879357 0.06319838303786057 0.08849261357234074 
0 0.38762791340167707 0.8229280251723069 0.04778623580932617 0.10391653501070462 
0 0.0993121128815871 0.9864574577659369 0.05327219229478102 0.027085083895004712 
0 0.6641808289747971 0.9818390331302698 0.07713039104755108 0.036321933166338846 
