0 0.584357316677387 0.3647013810964731 0.07176050773033729 0.10117934300349309 
0 0.7465075346139761 0.46669116387000453 0.03891468048095703 0.11451046283428486 
0 0.7161473127511832 0.5082216629615197 0.03707262185903696 0.04550735767071064 
0 0.5188969465402457 0.5755169758429894 0.1238241929274339 0.11125538899348332 
0 0.6965157435490534 0.6957444411057693 0.0938406724196214 0.1323114541860727 
0 0.7053401653583233 0.713837220118596 0.05250857426570012 0.07649443699763371 
0 0.48267269134521484 0.7371059931241549 0.05908467219426082 0.07408369504488431 
0 0.41568466333242565 0.7561012047987717 0.04351366483248197 0.08779195638803336 
0 0.11883628826874953 0.9183947856609638 0.04808010504795955 0.10960204784686749 
0 0.6701361949627216 0.9368202869708722 0.0725095455463116 0.07948515965388371 
