0 0.4475523508512057 0.3521902377788837 0.08891670520489033 0.1130207501924955 
0 0.2584971281198355 0.4269861257993258 0.05639186272254357 0.1221777475797213 
0 0.28220319747924805 0.47480258574852574 0.04500895280104417 0.051483484414907604 
0 0.4752784875723032 0.57894805761484 0.14474817422720102 0.13036500490628755 
0 0.26654716638418346 0.6695550955258883 0.11627556727482723 0.1477963007413424 
0 0.2538398595956656 0.6864150120661809 0.065399169921875 0.08521036001352164 
0 0.48195708714998686 0.7502443607036884 0.07194625414334811 0.08364090552696815 
0 0.5482713809380164 0.7816781997680664 0.05754012327927809 0.09552456782414363 
0 0.8270692917016836 0.9707130650774791 0.06530492122356708 0.05857386927192028 
0 0.24761273310734674 0.9201309864337628 0.08672684889573318 0.09097502781794621 
