0 0.8317714104285607 0.5664585003486047 0.02435126671424279 0.025331680591289815 
0 0.8646293053260217 0.5721892026754526 0.030196409959059495 0.04819572888887846 
0 0.7003432420583872 0.5529814683474027 0.02415928473839393 0.03310067837054913 
0 0.8008074393639197 0.5758228852198675 0.03170321537898137 0.05878936327420748 
0 0.7116783949045035 0.5679861032045804 0.021515699533315804 0.03274818567129282 
0 0.6078207859626183 0.5595346964322604 0.03360062379103441 0.035658689645620495 
0 0.7377741887019231 0.6686167350182166 0.03284380986140324 0.03945497366098257 
0 0.6054043403038611 0.6617606969980093 0.03321691659780649 0.05119661184457632 
0 0.47510970555819 0.6497841248145471 0.0366209837106558 0.03865968264066256 
0 0.5695296250856839 0.6677716695345365 0.031902129833514876 0.03283405303955078 
0 0.5468733860896184 0.6755451422471267 0.03736723386324369 0.06214281228872446 
0 0.30234522085923415 0.6807198891272912 0.04832579539372371 0.04801486088679387 
0 0.22398650646209717 0.6918604190532978 0.04832574037405161 0.04801486088679387 
