0 0.21430843610029954 0.5830540657043457 0.021883322642399713 0.02707840846135066 
0 0.18438289715693548 0.5797842832712027 0.027101846841665413 0.05153237856351412 
0 0.3316517243018517 0.6058606001046988 0.02169455014742338 0.03538946005014273 
0 0.23882668751936692 0.6013421095334567 0.028437265982994668 0.06286375339214618 
0 0.31807897641108585 0.6181503442617563 0.019313922295203574 0.03501451932466947 
0 0.41025810975294846 0.6384369410001315 0.030193842374361478 0.03811799562894381 
0 0.2703496584525475 0.7145094137925369 0.02950435418349046 0.04217991462120643 
0 0.3868582798884465 0.7443981170654297 0.029816407423753005 0.05474017216609074 
0 0.5028442786290095 0.7684336075415978 0.03290840295644907 0.04132571587195763 
0 0.4164717931013841 0.7606031344487116 0.02866968741783729 0.035097782428448014 
0 0.43418187361497146 0.7749336682833158 0.03353250943697416 0.06644645104041466 
0 0.6449600733243502 0.8485214526836689 0.04343274923471304 0.05132381732647236 
0 0.7101388344397912 0.8818687292245718 0.04343282259427584 0.05132381732647236 
