0 0.28228865219996524 0.5394392930544339 0.023793128820566032 0.02220326203566331 
0 0.24668798996851996 0.5393126010894775 0.027684376789973333 0.04363335095919096 
0 0.4228382110595703 0.5486693015465369 0.02274146446814904 0.029672549321101263 
0 0.31294644795931303 0.5531952747931848 0.028177591470571663 0.05366607812734751 
0 0.4080060261946458 0.5606579230381892 0.019898377932035007 0.029562106499305137 
0 0.5186411600846511 0.5699822719280536 0.032754054436316855 0.03131323594313402 
0 0.36092009911170375 0.6492957335252029 0.03151746896597055 0.03502038808969351 
0 0.5011613368988037 0.6647962790269119 0.030650762411264274 0.046251957233135514 
0 0.6402276479280912 0.675225147834191 0.035720458397498496 0.03393195225642277 
0 0.5376286690051739 0.6762650196368878 0.031209175403301533 0.028749832740196817 
0 0.5598804217118484 0.6871813994187576 0.03398715532743014 0.05639516390286959 
0 0.8154565737797663 0.7322926154503455 0.04746297689584585 0.041898287259615384 
0 0.8954990460322454 0.7555061853848971 0.047462830176720254 0.041898360619178183 
