0 0.2863508921403151 0.6332526206970215 0.021399277907151442 0.02547902327317458 
0 0.25807244044083816 0.6397983844463642 0.026857834595900316 0.048021169809194714 
0 0.39963597517747146 0.616388779420119 0.02138343224158654 0.033077203310452975 
0 0.31327194433945876 0.6416508601262019 0.028354901533860426 0.058431772085336536 
0 0.3901210931631235 0.6314997856433575 0.019106204693134014 0.032657659970797025 
0 0.4796822437873253 0.6203425664168137 0.0295409789452186 0.03584696696354793 
0 0.3694361906785231 0.7314887780409592 0.028963749225323018 0.03954117114727314 
0 0.4836569565993089 0.7211315815265362 0.029509324293870192 0.05104336371788612 
0 0.595990566106943 0.7057788188640888 0.03219256034264198 0.038869197552020736 
0 0.5147582567655123 0.7260880470275879 0.028028048001802884 0.0330346180842473 
0 0.5344732908102182 0.733142192547138 0.03328371047973633 0.06187350933368389 
0 0.7458038696875939 0.7316098946791428 0.04242420196533203 0.0483553226177509 
0 0.8136995388911321 0.7404738572927622 0.04242434868445763 0.0483553226177509 
