0 0.17637928632589486 0.6483203447782077 0.02557539939880371 0.02895487271822416 
0 0.14449182381996742 0.6577869928800143 0.033129756267254167 0.05339204348050631 
0 0.3046925159601065 0.6205732088822585 0.026045817595261794 0.037029376396766074 
0 0.20762741565704346 0.6552165471590482 0.035473255010751575 0.06458817995511569 
0 0.29474971844599795 0.6377952649043157 0.02347139211801382 0.03638392228346605 
0 0.3963243594536415 0.6182239789229172 0.035349295689509466 0.04068759771493765 
0 0.27722471493941087 0.7482415345998911 0.03494084798372709 0.04456351353571965 
0 0.40700265077444225 0.7274919656606821 0.03629005872286283 0.056836495032677285 
0 0.5343215832343469 0.7014670005211463 0.038509552295391374 0.044132085946890026 
0 0.4428137449117807 0.7302984090951773 0.03347613261296199 0.03756581819974459 
0 0.46575271166287935 0.7363316462590144 0.041208047133225664 0.06867804894080529 
0 0.7069410910973182 0.7171124678391677 0.05056498600886418 0.05511063795823317 
0 0.7849994806142954 0.7211118111243615 0.05056483928973858 0.05511063795823317 
