0 0.25633551524235654 0.16524950816081121 0.08367032271165115 0.10916553093836857 
0 0.04917199795062725 0.2121699727498568 0.08132090935340294 0.11708700656890869 
0 0.2153325080871582 0.2243581460072444 0.10918712615966797 0.08149497325603779 
0 0.38342859194828915 0.20856664730952337 0.06265819989717923 0.10435141049898587 
0 0.3459273851834811 0.23361600362337553 0.06590535090519832 0.15609561480008638 
0 0.4847668501046988 0.2313361488855802 0.07935905456542969 0.15829175252180833 
0 0.32418368412898135 0.018711680403122537 0.050823358389047474 0.03742336080624507 
0 0.7488690064503596 0.23627260098090538 0.1057295615856464 0.15152305823106033 
0 0.3294560725872333 0.3134719133377075 0.08496379852294922 0.13290748229393592 
0 0.5594093799591064 0.3327186291034405 0.1328305831322303 0.17255695049579328 
0 0.42296339915348935 0.3666394307063176 0.09166856912466195 0.114623656639686 
0 0.4674072632422814 0.3783124043391301 0.07950848799485427 0.1361695069533128 
0 0.31939066373384917 0.4184899146740253 0.10059943565955529 0.09531897764939529 
0 0.22817160533024713 0.4610439080458421 0.09443143697885367 0.12476378220778245 
0 0.6104001448704646 0.4190341325906607 0.054052536304180436 0.06419002092801608 
0 0.5487545270186204 0.4582166304955116 0.0574491574214055 0.0938119154710036 
0 0.6956891738451444 0.46771922478309047 0.12179669967064491 0.18598160376915565 
0 0.41893436358525205 0.5187195631173941 0.07495935146625225 0.12989029517540565 
0 0.14362261845515326 0.5709403661581186 0.12241246150090145 0.15147799711961013 
0 0.3599811884073111 0.5429027263934796 0.06789357845599835 0.0996693831223708 
0 0.639226326575646 0.5322634073404166 0.0769655521099384 0.12744943912212664 
0 0.5540664562812219 0.020280682123624362 0.046344793759859525 0.040561364247248724 
0 0.05756825667161208 0.6339743504157433 0.11513651334322415 0.14801630607018104 
0 0.5162782669067383 0.6047485058124249 0.11991368807279147 0.18152178250826323 
0 0.4221994143265944 0.6288414735060471 0.07611190355741061 0.10654757573054387 
0 0.8843405498908117 0.5927148598891038 0.0862837342115549 0.14142792041485125 
0 0.03178743215707632 0.7365063887376052 0.06357486431415264 0.11484586275540866 
0 0.28313159942626953 0.7025018838735727 0.19083331181452826 0.13911584707406852 
0 0.4618131931011493 0.7388538580674392 0.0912465315598708 0.16576891679030198 
0 0.5501903754014236 0.7346194340632513 0.11445837754469651 0.1847837888277494 
0 0.6940452227225671 0.7242408899160532 0.12345976095933181 0.18902147733248198 
0 0.3916061291327843 0.7794338739835299 0.10717263588538536 0.15314285571758562 
0 0.9241479864487281 0.7201674534724309 0.06588746034182034 0.10211034921499398 
0 0.0033672039325420675 0.12525231907000908 0.006734407865084135 0.1911274125942817 
0 0.13734226960402268 0.9400523257656739 0.06128567915696364 0.11989534789553055 
0 0.707825284737807 0.8617660815899189 0.10509591836195725 0.13204134427584135 
0 0.840232633627378 0.8503443277799166 0.09411467955662654 0.11502287938044621 
0 0.8930884507986215 0.8839398897611178 0.08823728561401367 0.16943021921011117 
0 0.4766847720512977 0.9318611437024978 0.14192878282987154 0.1362777120218827 
0 0.26607205317570615 0.9696992725993578 0.10264983543982872 0.060601454228162766 
0 0.005819834195650541 0.14668870430726272 0.011639668391301082 0.10108943168933575 
0 0.36394691467285156 0.09089999703260568 0.04595741858849159 0.05041108223108145 
