0 0.4586179990034837 0.21203220807589018 0.07052315198458158 0.08410758238572341 
0 0.25066383068378156 0.2281116613974938 0.06707147451547477 0.09117568456209622 
0 0.4111143992497371 0.25625095000633824 0.10019610478327824 0.0574345588684082 
0 0.5770149781153753 0.2615554149334247 0.049785650693453275 0.08238341258122371 
0 0.537262513087346 0.27810239791870117 0.04615930410531851 0.12642251528226411 
0 0.6729180262638972 0.29134881496429443 0.059556007385253906 0.12676585637606108 
0 0.5452746427976168 0.086779745725485 0.042821260598989636 0.05119320979485145 
0 0.9297828502379931 0.32418428934537447 0.08729791870483986 0.1179347038269043 
0 0.511034947175246 0.342082142829895 0.06865952565119816 0.10433672024653508 
0 0.7327832442063552 0.3829843997955322 0.1120592997624324 0.13288237498356745 
0 0.5954322998340313 0.39606006328876203 0.07793144079355094 0.0878757330087515 
0 0.6372776214893048 0.41051600529597354 0.06267111118023212 0.10776152977576622 
0 0.11243974245511569 0.4263546100029579 0.04048010019155649 0.09765078471257137 
0 0.07373688771174504 0.4369022846221924 0.06351889096773587 0.09466292307927059 
0 0.4878488870767447 0.42748460402855504 0.08960544146024264 0.07028348629291241 
0 0.3934938907623291 0.45259776482215297 0.07938491381131686 0.09626227158766526 
0 0.7715070064251239 0.45963346041165865 0.04640758954561674 0.04889957721416767 
0 0.7064147270642794 0.48519121683560884 0.045896438451913685 0.07393444501436673 
0 0.848462503689986 0.5090241982386663 0.09903283302600567 0.14566887342012846 
0 0.5721389513749343 0.5208832484025222 0.05888289671677809 0.10289342586810772 
0 0.2970669452960675 0.5339047358586237 0.10428083859957181 0.11598440317007211 
0 0.5115816042973444 0.5343799224266639 0.0557404298048753 0.07776495126577523 
0 0.7851938284360446 0.556035903783945 0.061251346881573014 0.10056858796339768 
0 0.7701044357739962 0.10729682904023391 0.03595148600064791 0.06652302925403301 
0 0.19952942774846003 0.5758222066439115 0.10905133760892428 0.11252836080697867 
0 0.656092460338886 0.6023456500126765 0.09771398397592398 0.14205675858717698 
0 0.5612999475919284 0.6119417410630447 0.06318231729360727 0.08272677201491135 
0 0.9910230583582933 0.6325283050537109 0.017953882710291788 0.11149846590482272 
0 0.1567227290226863 0.6569495567908654 0.07065787682166466 0.0888820061316857 
0 0.4163325566511888 0.6574636239271897 0.17556355549738958 0.0975342530470628 
0 0.5859140066000131 0.7068696388831506 0.07065145785991962 0.1318212655874399 
0 0.6726188567968515 0.7130091006939228 0.09172555116506723 0.14548154977651742 
0 0.8141955183102534 0.7201313972473145 0.1003180192067073 0.1480873548067533 
0 0.5122965482565073 0.7326458417452298 0.08854943055372971 0.11915955176720253 
0 0.13734663449800932 0.14262378674287063 0.14768057603102464 0.14453001205737775 
0 0.24353672907902643 0.8398697192852314 0.04545255807729868 0.10135650634765625 
0 0.8101189778401301 0.8349062479459323 0.08926254052382249 0.1012864479651818 
0 0.9406674475624011 0.8399221713726337 0.0803671834560541 0.08793816199669471 
0 0.9771866659418895 0.8733512071462778 0.04562666754309948 0.13530841240516076 
0 0.5727274968073919 0.8875745626596304 0.11963580204890324 0.14261861947866586 
0 0.36115336418151855 0.9049412653996394 0.08682672794048603 0.10122401897723858 
0 0.28908392099233776 0.9728910004576812 0.03753955547626202 0.05421799851151613 
0 0.33316315137423 0.9728714501341948 0.04646851466252254 0.05425709915848879 
0 0.18920414264385516 0.16637901617930487 0.05577410184420072 0.07895857554215652 
0 0.5730038606203519 0.16251607583119318 0.04001533068143404 0.038000959616440996 
