0 0.5231095827542819 0.1206978651193472 0.0878439683180589 0.0951697642986591 
0 0.754351175748385 0.09684793307231022 0.08491662832406852 0.1018449068069458 
0 0.5834183326134315 0.1562742911852323 0.11719116797814003 0.07232741209176871 
0 0.40228720811697155 0.1936475313626803 0.06483573179978591 0.09049811730018029 
0 0.4489787175105168 0.20272076588410598 0.06625190147986779 0.13461040533505952 
0 0.30251405789301944 0.2422947883605957 0.08102090542133038 0.13684756939227766 
0 0.404861725293673 0.01982004138139578 0.053353493030254655 0.03964008276279156 
0 0.04091527828803429 0.3250733705667349 0.08183055657606858 0.13181161880493164 
0 0.4895808696746826 0.26239622556246245 0.08827689977792594 0.11540456918569711 
0 0.25371731244600737 0.3465620737809401 0.13948792677659255 0.15044971612783578 
0 0.40690258833078236 0.3332938872850858 0.0964500353886531 0.10003264133746807 
0 0.36363750237684983 0.3559935551423293 0.08211396290705754 0.11803034635690543 
0 0.9426805056058444 0.27076557049384486 0.05647908724271334 0.10465583434471717 
0 0.9731963596378381 0.27397112662975603 0.05360728015120213 0.10487738022437462 
0 0.5307994255652795 0.3443342447280884 0.10712498884934646 0.08385333648094764 
0 0.6390101176041824 0.3515406663601215 0.09907667453472431 0.1087355430309589 
0 0.22536086119138277 0.43158714587871844 0.05701452035170335 0.05609343602107121 
0 0.30153169998755824 0.44488890354449934 0.0595238392169659 0.0813885101905236 
0 0.15000468951005203 0.49640772892878604 0.1267366225902851 0.16156893510084885 
0 0.4555167785057655 0.4550974919245793 0.07735237708458534 0.11256335331843449 
0 0.7598696855398325 0.41520485511192906 0.1288642149705153 0.132230465228741 
0 0.5244828370901254 0.45707066242511457 0.07081523308387169 0.08665822102473332 
0 0.2281345587510329 0.5317686337691087 0.07967083270733173 0.11054174716656025 
0 0.1618520296536959 0.07481860426756051 0.04768221194927509 0.0724762173799368 
0 0.8746761908897986 0.4388000965118408 0.1336844517634465 0.12940139036912185 
0 0.3783999039576604 0.5537186769338754 0.12484370745145358 0.15772283994234526 
0 0.4842260984274057 0.5451403764578012 0.0796046990614671 0.09273529052734375 
0 0.016532007318276625 0.653784440113948 0.03306401463655325 0.12268994404719426 
0 0.9366432336660532 0.5126272164858304 0.0885775639460637 0.10002660751342773 
0 0.6517623021052434 0.563232238476093 0.20496148329514724 0.12358834193303035 
0 0.4747326374053955 0.6459380296560434 0.09383828823383038 0.14353480705848107 
0 0.3806894375727727 0.6688774549044095 0.11868080726036659 0.16034859877366286 
0 0.22659447559943566 0.7033973473768967 0.1284460838024433 0.1642006360567533 
0 0.5603019640995905 0.6578161349663367 0.11196026435265174 0.13322921899648812 
0 0.009008292968456563 0.7687458992004395 0.018016585936913125 0.08867975381704477 
0 0.8629575876089243 0.036063322654137246 0.18007513192983773 0.07212664530827449 
0 0.8751174853398249 0.7144563014690692 0.06240001091590294 0.10911200596736027 
0 0.2522590893965501 0.8187412848839393 0.11055143062884991 0.1152194096491887 
0 0.10988101363182068 0.849002324617826 0.09913533009015597 0.10043951181265023 
0 0.06418015292057624 0.8919427945063665 0.09036068045175992 0.14656734466552734 
0 0.5225693262540377 0.8262332035945013 0.14901117178109977 0.16138370220477766 
0 0.7580223083496094 0.802987318772536 0.10786614051231971 0.11481270423302284 
0 0.8520291034991925 0.870719102712778 0.05104248340313251 0.08603594853327824 
0 0.8049782239473783 0.8865401928241436 0.06264202411358173 0.10203009385329026 
0 0.8104188258831317 0.033232693488781266 0.07099863199087289 0.06646538697756253 
0 0.38840556144714355 0.09266466360825759 0.04865048481867863 0.04414866520808293 
