0 0.35880670180687535 0.1801650203191317 0.07242177082942082 0.09371811610001785 
0 0.13878723291250375 0.19410065045723549 0.06859170473538913 0.10178522880260761 
0 0.30751386055579555 0.22917416462531456 0.1044772955087515 0.06293529730576736 
0 0.4825777457310603 0.23855020449711725 0.05053875996516301 0.09219063245333158 
0 0.4401755699744591 0.25644195996798 0.04558064387394832 0.142089476952186 
0 0.5830968893491305 0.2741778538777278 0.05973687538733849 0.14220448640676644 
0 0.45351208173311675 0.040367284073279455 0.04397091498741737 0.057044896941918596 
0 0.8535219430923462 0.31652387288900524 0.0892953689281757 0.13164698160611665 
0 0.41084762719961315 0.3282190744693463 0.06993506504939152 0.11664289694565994 
0 0.6439823737511268 0.3789667808092557 0.11509550534761868 0.14805307755103478 
0 0.49859989606417143 0.390946259865394 0.08015874715951773 0.09783007548405574 
0 0.5424222212571365 0.4081374681912936 0.06351573650653546 0.12063987438495342 
0 0.00395958240215595 0.4153433029468243 0.0079191648043119 0.10965365629929763 
0 0.384185791015625 0.424270721582266 0.09295126108022836 0.07768840056199294 
0 0.2839023149930514 0.4507314975445087 0.0814814934363732 0.10728880075307992 
0 0.6829233811451838 0.4663867216843825 0.0478214667393611 0.05437674889197716 
0 0.6135314611288217 0.49394627717825085 0.046642120067889876 0.08271103638869065 
0 0.7629335660200852 0.5237776682927058 0.10099561397845928 0.16278531001164362 
0 0.4708202068622296 0.531550040611854 0.05963442875788762 0.11520957946777344 
0 0.17999887466430664 0.5406617201291598 0.10730222555307242 0.12909386708186224 
0 0.4065247865823599 0.5455703001755935 0.05695295333862305 0.08684393075796273 
0 0.6949207966144269 0.575622191795936 0.06219805203951322 0.11253092839167668 
0 0.69042051755465 0.06813791050360753 0.03631591796875 0.07452889818411607 
0 0.0759263405433068 0.5860503086676965 0.11243453392615685 0.12508645424476036 
0 0.5574033627143273 0.6253318786621094 0.09969333501962516 0.15872559180626503 
0 0.45705333122840297 0.63424590917734 0.06469506483811599 0.09230562356802133 
0 0.9372177616908 0.6667891649099497 0.06996575456399184 0.12474140754112831 
0 0.03243710444523738 0.6768702727097732 0.06487420889047477 0.09911713233360878 
0 0.3028006370250995 0.6827417520376352 0.18314423927894005 0.10676501347468449 
0 0.48062797693105846 0.7420375163738544 0.07133975395789513 0.14769752209003156 
0 0.572036101267888 0.7507433891296387 0.09327400647676908 0.16272258758544922 
0 0.7213664788466233 0.7616782922011155 0.10229279444767879 0.1654952856210562 
0 0.40222753011263335 0.7696702663715069 0.09058743256788987 0.13300719627967247 
0 0.9582800509837958 0.7907986640930176 0.05438934151942913 0.08952250847449669 
0 0.04876426550058218 0.09517076382270226 0.09752853100116436 0.160503992667565 
0 0.11567178139319786 0.8853806715745193 0.04547302539532001 0.11374488243689904 
0 0.714136738043565 0.8913168540367713 0.0917975168961745 0.11277140103853665 
0 0.8518744661257818 0.8996463555556077 0.08273261327009934 0.09785101963923527 
0 0.9009265074363122 0.9312670046033767 0.06749435571523812 0.1374659902201249 
0 0.4620976448059082 0.933274672438319 0.12285812084491436 0.13345065455024058 
0 0.23822245231041542 0.952473897057084 0.08922364161564754 0.09505220531271054 
0 0.0754559590266301 0.12307633803440975 0.05695812518780048 0.08819365501403809 
0 0.4808655885549692 0.1265315734423124 0.04134068122276893 0.04217676016000601 
