0 0.5194572302011343 0.13269226826154268 0.07731004861684945 0.09906870585221511 
0 0.7454938154954177 0.1372708769944998 0.07365094698392428 0.10731512766617995 
0 0.5740176897782546 0.18114139025027937 0.1091465216416579 0.06808909086080697 
0 0.3950001276456393 0.19868765886013323 0.054833412170410156 0.09687541998349704 
0 0.43918163959796613 0.21531489262214074 0.05139736028817984 0.1484068907224215 
0 0.2934433863713191 0.24007814664107102 0.06590894552377555 0.14892161809481108 
0 0.41670929468595064 0.011165359845528236 0.04694362787099985 0.02233071969105647 
0 0.032986533183317915 0.2960320986234225 0.06597306636663583 0.13881543966440055 
0 0.47216098125164324 0.2883221277823815 0.07551739766047551 0.12273771946246807 
0 0.23532030215630165 0.35130591575916 0.12283492088317871 0.1565248966217041 
0 0.3847916309650128 0.3572007142580472 0.08537475879375751 0.10354287807758038 
0 0.3405845256952139 0.3769631019005409 0.06907054094167855 0.12669717348538911 
0 0.9092732209425706 0.3595909338731032 0.04492627657376803 0.11467251410851112 
0 0.9518867272597092 0.3692759550534762 0.06984248528113732 0.11136814264150766 
0 0.5033974647521973 0.3865833649268517 0.09782079549936148 0.08304375868577224 
0 0.6072429143465482 0.40949172240037185 0.08704222165621243 0.11337426992563102 
0 0.19897736952855036 0.44356678082392764 0.05080177233769344 0.05764341354370117 
0 0.2712110372690054 0.46899597461407 0.05052742591271034 0.08695044884314904 
0 0.11932441821465126 0.5065734019646277 0.10887070802541879 0.17138602183415338 
0 0.41898921819833607 0.5015426415663499 0.06491382305438702 0.12096559084378757 
0 0.7173845584575946 0.4979564043191763 0.11422304006723258 0.13667491766122672 
0 0.4854483971228966 0.5131809894855206 0.06123051276573768 0.09151818202092098 
0 0.19113443447993353 0.5572098218477689 0.06745279752291165 0.11826353806715745 
0 0.1750651322878324 0.03531879415878883 0.03967501566960262 0.07063758831757766 
0 0.8258843055138221 0.5402936201829177 0.11935072678786057 0.13266871525691107 
0 0.3340834654294528 0.6025238037109375 0.10740217795738807 0.16714580242450422 
0 0.437282158778264 0.6072607774000901 0.06934496072622445 0.09739010150615986 
0 0.8780294931851901 0.6322149680210993 0.07750914647028996 0.1046599241403433 
0 0.5973314688755915 0.6505687053386981 0.19121188383836013 0.11567313854510967 
0 0.4175163415762094 0.7199272009042593 0.07798106853778546 0.15493392944335938 
0 0.32419912631695086 0.73303406055157 0.10095530289870042 0.17110516474797174 
0 0.17161592153402475 0.7510422926682693 0.1102894452901987 0.17422837477463943 
0 0.49898463029127854 0.7450287892268255 0.09722225482647236 0.14025996281550482 
0 0.8618621459374061 0.057403238920065075 0.16154047159048227 0.11480647784013015 
0 0.7973529008718637 0.8520092964172363 0.05035261007455679 0.11905310704157902 
0 0.1843077540397644 0.8849504177386944 0.09779512882232666 0.1193398695725661 
0 0.043752390604752764 0.8997419430659368 0.08750478120950553 0.1036364481999324 
0 0.01594826005972349 0.9312813830776856 0.03189652011944698 0.13743723327150711 
0 0.44481776310847354 0.923149622260378 0.1311484116774339 0.1537007549061225 
0 0.6748617612398587 0.9361293499286358 0.09515674297626202 0.1192462627704327 
0 0.75861879495474 0.9893619462561148 0.04154161306527945 0.021276106914648645 
0 0.7114746753986065 0.9908212513591235 0.05137318831223708 0.018357496708631516 
0 0.8074991886432354 0.06089455175858278 0.061280250549316406 0.09291597856925084 
0 0.39218972279475284 0.08262334649379437 0.04375787881704477 0.044829217287210316 
