0 0.07710972657570472 0.7725120691152719 0.06231123667496901 0.05181459280160757 
0 0.7318121836735652 0.9228811997633714 0.047247079702524036 0.06156143775353065 
0 0.674256288088285 0.9156052882854755 0.0408625235924354 0.04756465324988732 
0 0.14052367668885452 0.8167293621943548 0.06980520945328933 0.040567911588228665 
0 0.32503191324380726 0.2973129932697003 0.4737246403327355 0.3192158478956956 
0 0.06908615277363704 0.30577409267425537 0.027611466554495003 0.02329534750718337 
0 0.10840709392841046 0.41265018169696516 0.03908091325026292 0.04466533660888672 
0 0.13656326440664437 0.4829095693734976 0.039746541243333086 0.029519301194411058 
0 0.02136607812001155 0.4900524616241455 0.0427321562400231 0.03581798993624174 
0 0.9834530902310059 0.7352132063645583 0.03309381896486649 0.054762620192307696 
0 0.3083549416982211 0.6628242455996 0.4631427343075092 0.2776511632479154 
0 0.8236059408921462 0.7690474803631122 0.028949224031888522 0.036292076110839844 
0 0.7976953981874081 0.7665113851141471 0.40460920305206227 0.4669772291985842 
0 0.6820615621713492 0.8290764735295222 0.05904608506422777 0.05371401860163762 
0 0.45899592913114107 0.83029083105234 0.06995751307560848 0.06606123997614934 
