0 0.25787965150979847 0.9607510566711426 0.0561368465423584 0.05318516951340895 
0 0.8609182651226337 0.8574343094458947 0.0422215094933143 0.06371534787691556 
0 0.8098640441894531 0.8722905745873084 0.03660363417405348 0.049143351041353665 
0 0.3260679611792931 0.9794678686616513 0.06315810863788311 0.04106426210357593 
0 0.31075523449824405 0.4046805730232826 0.4279369574326735 0.3258956212263841 
0 0.09718204920108502 0.5103962054619422 0.02487027645111084 0.023919435647817757 
0 0.16566617672259992 0.5992423204275278 0.03502053480881911 0.046133848337026745 
0 0.21263720439030573 0.6567701926598182 0.03586259255042443 0.030216803917518027 
0 0.11630021150295551 0.708181197826679 0.04132693547468919 0.03671125265268179 
0 0.9984346168259015 0.5782126830174372 0.0031307657750753257 0.05674541913546049 
0 0.4171909552354079 0.7661081094008225 0.4189094396737906 0.2824581586397611 
0 0.8877866451556866 0.6730264883774978 0.025892110971304085 0.03754021571232723 
0 0.8447751997468563 0.6914776655343863 0.3104495999331658 0.5277104744544396 
0 0.7879279210017278 0.7852592468261719 0.05312391427847055 0.05524356548602764 
0 0.5997601105616643 0.8714101864741399 0.06290366099430965 0.06799485133244441 
