0 0.0274124237207266 0.8657689094543457 0.0548248474414532 0.041147011976975664 
0 0.731436509352464 0.8717945172236516 0.03967637282151442 0.05370734288142277 
0 0.6706362871023325 0.8768211144667405 0.03550566159761869 0.040712136488694414 
0 0.10019921797972459 0.8940744400024414 0.06918765031374417 0.02843313950758714 
0 0.20544088803804839 0.3705585553095891 0.41088177607609677 0.23732728224534255 
0 0.025764920104008455 0.5828042030334473 0.03804832983475465 0.02267756828894982 
0 0.9538584855886606 0.6440596947303185 0.03151900951678936 0.04838650043194111 
0 0.24058207353720298 0.7156981321481558 0.4572644382715225 0.19722901857816255 
0 0.7935366997352014 0.7091120206392728 0.024610079251802884 0.031464650080754206 
0 0.7985640487705286 0.7270954755636362 0.4028719018858213 0.43387937545776367 
0 0.6604366669288049 0.7943222339336689 0.05445502354548527 0.04365392831655649 
0 0.4309963079599234 0.8413013678330642 0.0640102533193735 0.054167747497558594 
