0 0.30871026103313154 0.5563116807204026 0.4737129624073322 0.2857249333308293 
0 0.0567511457663316 0.6411929130554199 0.027091255554786094 0.021517166724571817 
0 0.12739327320685753 0.731941663301908 0.03704914679894081 0.042582145104041465 
0 0.17612629670363206 0.7909072362459623 0.03944239249596229 0.02681079277625451 
0 0.062166381340760454 0.8327754094050481 0.04528540372848511 0.0327607668363131 
0 0.40002957674173206 0.8950931474279898 0.4669460333310641 0.20981370457089865 
0 0.9436405255244329 0.8593835830688477 0.02708911895751953 0.03486780019906851 
0 0.8661821437283204 0.817319246295553 0.2676357119702376 0.36536150683577245 
0 0.8206401971670297 0.9594301077035757 0.05750186626727764 0.05005601736215445 
0 0.5992306012373704 0.9982942799822643 0.06785968633798453 0.0034114394623499652 
