0 0.8376507759094238 0.9463241283710186 0.06419189159686749 0.05041768000676082 
0 0.7679319014916053 0.9845834877341986 0.07301704700176533 0.030833023958481275 
0 0.6029865008134109 0.46027060655447155 0.49274572959313023 0.30718741050133336 
0 0.8734455842238206 0.47778883347144496 0.028423602764423076 0.022682593419001654 
0 0.8255673922025241 0.583755584863516 0.03949106656588041 0.04401856202345628 
0 0.7916505886958196 0.6533358647273138 0.04116946000319261 0.02856166546161358 
0 0.9148263197678786 0.6646247276893029 0.047361520620492786 0.03474734379695012 
0 0.5992616873521072 0.8279984180743878 0.4839159892155574 0.26524242987999547 
0 0.047583966301037714 0.916537908407358 0.029050457936066847 0.0358731930072491 
0 0.13870872901036188 0.8422402233745043 0.27741745802072376 0.3155195526778698 
0 0.19391692601717436 0.97779185941013 0.06053642126230093 0.04441628060661829 
0 0.4299917771266057 0.9792910354355207 0.07157021302443284 0.04141792855583704 
