0 0.7979886348430927 0.31069544645456165 0.3134788366464468 0.28371330407949596 
0 0.5763922471266526 0.33634339846097505 0.1385963146503155 0.11355106647198017 
0 0.3257094713357779 0.3831287163954515 0.04726905089158278 0.06181130042442909 
0 0.8129125375014085 0.44468175447904146 0.02201703878549429 0.02725050999568059 
0 0.8729149378263034 0.4577987010662372 0.04040241241455078 0.026098104623647835 
0 0.8295989770155686 0.5015850067138672 0.030507234426645134 0.050475707420935996 
0 0.892030459183913 0.5116342031038724 0.03554410200852614 0.03127589592566857 
0 0.8851397954500638 0.5421695709228516 0.030225386986365683 0.030797151418832634 
0 0.8425900019132174 0.5460002422332764 0.027220726013183594 0.02631521224975586 
0 0.1848460206618676 0.6436776014474722 0.2315146281169011 0.3956572459294246 
0 0.37729257803696853 0.6548425967876728 0.04877739686232347 0.04790907639723558 
0 0.8282213577857385 0.6327652931213379 0.026006038372333232 0.02760967841515174 
0 0.8955111870398889 0.636679062476525 0.04022378187913161 0.04012005145733173 
0 0.3375052488767184 0.6926131248474121 0.04721747911893404 0.044961122366098255 
0 0.4489563061640813 0.7124945200406588 0.020854069636418268 0.045395264258751504 
0 0.8457769613999587 0.6838922133812537 0.029637923607459433 0.056012593782865085 
0 0.43865220363323504 0.7504597443800706 0.02732390623826247 0.06001560504619892 
0 0.6445741653442383 0.7461663392873911 0.03993005018967848 0.052727845998910755 
0 0.4984243649702806 0.7607484230628381 0.10587820639977089 0.10077901986929086 
0 0.6851553183335525 0.751060045682467 0.047562745901254505 0.04920357924241286 
0 0.45233389047475964 0.8033599853515625 0.03536547147310697 0.04529791611891527 
0 0.4890410533318153 0.810026975778433 0.03530190541194035 0.060733941885141224 
0 0.5123242965111365 0.849242063669058 0.06051430335411659 0.046158130352313705 
0 0.42069132511432356 0.8589160992549016 0.05872421998244066 0.04038172501784105 
0 0.4637015599470872 0.8607420921325684 0.05611643424400917 0.056992677541879505 
0 0.9571285981398362 0.8177445118243878 0.07870908883901742 0.09131394899808444 
0 0.7171468001145583 0.8478966126075158 0.040966033935546875 0.06545528998741737 
0 0.591632787997906 0.8691680981562688 0.049813307248629056 0.06063659374530499 
0 0.6556122119610126 0.9146910080542932 0.06218924889197716 0.05052031003511869 
