0 0.98197551859686 0.9165328465975248 0.03604896223315826 0.04935594705434946 
0 0.7291557972247784 0.3104556523836576 0.3036300219022311 0.2955021491417518 
0 0.529464813379141 0.3564317043011005 0.1332882000849797 0.11957205258882962 
0 0.30496802696814906 0.42528884227459246 0.04731112260084886 0.06229382294874925 
0 0.7533364662757287 0.43601256150465745 0.02191308828500601 0.027580114511343148 
0 0.808993779695951 0.4425815068758451 0.038293104905348554 0.028329995962289665 
0 0.7730258061335638 0.4883242753835825 0.031383514404296875 0.05006687457744892 
0 0.830651906820444 0.49174763606144833 0.03435567709115835 0.03267346895658053 
0 0.9583850640517014 0.46859898933997524 0.016892726604755107 0.025276917677659255 
0 0.8267941108116736 0.5213680267333984 0.029551872840294473 0.03169954740084135 
0 0.7883639335632324 0.529158904002263 0.026500188387357272 0.027224650749793418 
0 0.19734381712399995 0.6860532393822303 0.23917676852299616 0.39169700329120344 
0 0.37341079345116246 0.6778244972229004 0.047546936915471 0.04948740739088792 
0 0.7821453167841985 0.6128147198603704 0.02551584977370042 0.028310555678147536 
0 0.8437087719257061 0.6099468744718112 0.03925822331355168 0.04137985522930439 
0 0.3401792232806866 0.717519576732929 0.045912742614746094 0.0465851563673753 
0 0.4432052832383376 0.725471569941594 0.022327129657451924 0.04437461266150841 
0 0.8021692862877479 0.6595656688396747 0.031048994797926683 0.05514078873854417 
0 0.436827696286715 0.7624690349285419 0.0292969483595628 0.058641800513634317 
0 0.6239389639634353 0.7382688155541053 0.04000671093280499 0.0531003658588116 
0 0.4920518765082726 0.7663793197044959 0.10294932585496169 0.10442344958965595 
0 0.6612668771010178 0.7389408991887019 0.046562561622032754 0.05057320227989784 
0 0.4534653883713942 0.811279663672814 0.03532086885892428 0.04572340158315805 
0 0.48740713412945086 0.8140115371117225 0.03650261805607723 0.060102682847243086 
0 0.5117029043344351 0.848910405085637 0.0579222165621244 0.049019886897160456 
0 0.42905448033259463 0.8670388368459848 0.05585479736328125 0.04345901195819561 
0 0.4683510890373817 0.8645653357872596 0.05485127522395207 0.05868075444148137 
0 0.9141174463125376 0.7755691088162936 0.07784740741436298 0.09290753878079928 
0 0.6980464641864483 0.8276123266953689 0.04195624131422777 0.065064576955942 
0 0.5854731523073636 0.8600468635559082 0.04949632057776818 0.06145147176889273 
0 0.647313484778771 0.8969471271221454 0.05977293161245493 0.053251413198617786 
