0 0.8376798262962928 0.8865460249093863 0.04611785595233624 0.04809900430532602 
0 0.5861910123091477 0.24465260138878456 0.35324437801654524 0.2822658098660983 
0 0.3366997792170598 0.274086383672861 0.15616372915414664 0.11323661070603591 
0 0.054481094846358664 0.3247257379385141 0.053287265392450184 0.06107183603140024 
0 0.6031481119302603 0.3751092507289006 0.02481853044950045 0.026948305276724007 
0 0.6707264460050143 0.3867170260502742 0.04551542722261869 0.02619824042687049 
0 0.6220020514268142 0.43030781012315017 0.034403507526104264 0.04970854979294997 
0 0.6923121305612417 0.4388735844538762 0.040051900423490085 0.031136292677659255 
0 0.851267411158635 0.42644453048706055 0.018698839040902946 0.024997564462515023 
0 0.6845880288344163 0.46880910946772647 0.03406341259296124 0.0305633178124061 
0 0.6366807130666879 0.4733931284684401 0.030675667982835036 0.026143550872802734 
0 0.013356419710012583 0.5817877696110652 0.026712839420025166 0.38949042100172776 
0 0.11287386600787823 0.5888580358945407 0.054969255740825944 0.047580755673922025 
0 0.98888925391321 0.5202118800236628 0.02222149160045844 0.025570502647986777 
0 0.6206002602210412 0.5583502329312838 0.029309786283052884 0.027378008915827826 
0 0.6963739028343787 0.5608319686009333 0.04533056112436148 0.03983259201049805 
0 0.06811586022377014 0.6265080525324895 0.053209740381974444 0.04468198922964243 
0 0.19363382229438195 0.6436942907480093 0.02353013478792631 0.04457253676194411 
0 0.6404263789837177 0.6078945306631235 0.03343119988074669 0.055076305682842545 
0 0.18207451013418344 0.6809483674856333 0.03083071341881385 0.05892306107741136 
0 0.4139404663672814 0.672665339249831 0.045014454768254206 0.05208903092604417 
0 0.24939042788285476 0.6898006292489859 0.11931483562176044 0.10015428983248197 
0 0.4596408330477201 0.6766343483558068 0.05360339238093449 0.048815360436072715 
0 0.19754054913154015 0.732300171485314 0.039867052665123574 0.04477060758150541 
0 0.23888086355649507 0.7380766868591309 0.03981335346515362 0.05978254171518179 
0 0.26514273423414964 0.7758826842674842 0.06818074446458083 0.046114481412447415 
0 0.16197390739734358 0.7871447343092698 0.06615878985478328 0.04046029310960036 
0 0.21040604664729193 0.7880717424245981 0.06324210533728966 0.05656352409949669 
0 0.7659621972304124 0.7363036229060247 0.08871672703669621 0.09040054908165565 
0 0.4957740123455341 0.7704984591557429 0.04619539701021635 0.06448870438795823 
0 0.3544678504650409 0.7937514965350811 0.05615025300246019 0.059980539175180286 
0 0.42656131891103893 0.8369042689983661 0.07007151383620042 0.050391050485464245 
