0 0.6574854117173415 0.4264959188608023 0.3172118113591121 0.2995593731219952 
0 0.4497400430532602 0.46892934579115647 0.1391942684467022 0.12093151532686673 
0 0.2162770858177772 0.5343705140627347 0.049517118013822116 0.06360109035785382 
0 0.683319091796875 0.5568095537332388 0.02292794447678786 0.02813269541813777 
0 0.7413216004004846 0.5650056692270132 0.03995667971097506 0.028470259446364183 
0 0.7040965006901667 0.6113467583289514 0.03289516155536358 0.05129726116473858 
0 0.7641331599308894 0.6163433331709641 0.035888378436748795 0.03310075173011193 
0 0.8970506374652569 0.5956673622131348 0.01769711421086238 0.02586973630464994 
0 0.7602681746849647 0.6468436167790339 0.03089002462533804 0.032216585599459134 
0 0.7202825179466834 0.65391782613901 0.02769360175499549 0.027638362004206732 
0 0.11545407772064209 0.8001333381980658 0.23090815544128418 0.3997333230307469 
0 0.2888671893339891 0.7969755026010367 0.04969147535470816 0.05025614224947416 
0 0.7142381301293006 0.7401771545410156 0.026676398057204027 0.028795975905198317 
0 0.7783430539644681 0.7387745930598333 0.04103176410381611 0.04203634995680589 
0 0.25446085746471697 0.8371386161217322 0.047976989012498125 0.04727774399977464 
0 0.3618061359112079 0.8479636632479154 0.023450851440429688 0.045613729036771335 
0 0.7353351299579327 0.7889785033005935 0.03257546058067909 0.056591033935546875 
0 0.35535491429842436 0.8860206970801721 0.03077378639808068 0.060285054720365085 
0 0.5501107435960036 0.8657629673297589 0.04187451876126803 0.05422350076528696 
0 0.4128924516531137 0.8914593549875113 0.10757769071138822 0.10597485762376052 
0 0.5889922105349027 0.867403140434852 0.048674400036151595 0.05141382951002855 
0 0.37293580862192005 0.9368639359107385 0.036963462829589844 0.046666732201209433 
0 0.40830102333655727 0.9405459990868201 0.03827117039607121 0.06161154233492338 
0 0.43378604375399077 0.9762340690940619 0.06047252508310171 0.04753186123875471 
0 0.3477993928469144 0.9859842885858737 0.05829301247229943 0.028031422255130913 
0 0.3887149737431453 0.9812342568945426 0.05733409294715294 0.037531485637793176 
0 0.8525314331054688 0.9116473931532639 0.08142427297738883 0.09466002537653996 
0 0.6277572925274189 0.95993317090548 0.04396673349233774 0.06663183065561148 
0 0.510677117567796 0.9796267287948957 0.05178378178523137 0.04074654183708704 
