0 0.6611378376300519 0.4830454496236948 0.2775617012610802 0.2646782581622784 
0 0.45708074936499965 0.4788798919090858 0.12319223697368915 0.10534499241755559 
0 0.22430404332967904 0.49137086134690505 0.041091350408700794 0.058605194091796875 
0 0.6600997264568622 0.6147046639369085 0.019201352046086237 0.025784382453331582 
0 0.7131679241473858 0.6352535027724046 0.03619238046499399 0.02382960686316857 
0 0.669057662670429 0.6719736686119666 0.026096417353703424 0.04821968078613281 
0 0.7246662286611704 0.6898706142718976 0.03150734534630409 0.02913328317495493 
0 0.853962934934176 0.6987966757554275 0.014268948481633114 0.024167941166804388 
0 0.7150822419386643 0.7185290043170636 0.026624532846304085 0.028900953439565804 
0 0.6760194118206317 0.7166699629563552 0.024034720200758714 0.024632673997145433 
0 0.08337889267848088 0.7251665408794696 0.16675778535696176 0.3783142383282001 
0 0.2415613944713886 0.7611550917992225 0.04303803810706505 0.04488086700439453 
0 0.9551346118633564 0.8103647965651292 0.019151834341195915 0.02440027090219351 
0 0.653519447033222 0.7987836324251615 0.022863461421086237 0.02595864809476412 
0 0.7142087496243991 0.8113766816946176 0.03546641423152043 0.037611961364746094 
0 0.20131113896003136 0.7925132971543533 0.041718354591956504 0.04205461648794321 
0 0.30037066569695103 0.82634214254526 0.01740299738370455 0.04366082411545973 
0 0.6638959371126615 0.8505744567284217 0.02507363832913912 0.05369780613825871 
0 0.28687713696406436 0.8617465312664325 0.022780675154465895 0.05773375584528996 
0 0.47437227689302885 0.884533588702862 0.03469093029315655 0.050010387714092545 
0 0.3400442967048058 0.8795272753788874 0.09354873803945687 0.09426241654616135 
0 0.5106968329502986 0.8945806943453275 0.04186677932739258 0.04620684110201322 
0 0.2935420549832858 0.9147471647996169 0.030781379112830527 0.04291578439565805 
0 0.3261549656207745 0.9260041163517878 0.030104930584247295 0.058082287128155045 
0 0.3430308745457576 0.9670130289517916 0.05392547754141001 0.042635624225323014 
0 0.25875216263991135 0.9643885905926044 0.05250688699575571 0.03704122396615835 
0 0.2976171053372897 0.9717837480398325 0.0494384765625 0.05347567338209886 
0 0.7504524084237906 0.9758153693893781 0.06888712369478665 0.0483692606481222 
0 0.5292063676393949 0.9806382838063515 0.03513625951913687 0.03872343181417538 
0 0.4128922132345346 0.9840054143793308 0.04348333065326397 0.031989170668216854 
