0 0.8897256851196289 0.9436417726370004 0.10459136962890625 0.06774542881892277 
0 0.5612915295820969 0.14816054014059213 0.10281001604520358 0.06348802493168758 
0 0.6097451356741098 0.22289254115178034 0.07671715663029598 0.0865466044499324 
0 0.5350110347454364 0.41042397572444034 0.10754020397479717 0.14654827117919922 
0 0.668437462586623 0.5142374772291917 0.11843472260695237 0.1748647689819336 
0 0.7563770000751202 0.5236165890326867 0.20183299137995794 0.21359762778648964 
0 0.17005522893025324 0.5924971470466027 0.12103648369128887 0.11160619442279522 
0 0.7122286283052884 0.7049018969902625 0.14016885023850661 0.19150282786442682 
0 0.9481972180880033 0.7363147368797889 0.05717776371882512 0.07970993335430439 
0 0.9934357494975512 0.7316350936889648 0.013128500431776047 0.09655292217548077 
0 0.4034194029294528 0.04215535750755897 0.08221923387967624 0.08431071501511794 
0 0.3064548602470985 0.7991582428893218 0.612909720494197 0.4016835136482349 
0 0.4743485634143536 0.03509037999006418 0.06995688951932467 0.07018075998012836 
