0 0.5057651079618014 0.1891774030832144 0.09343382028432992 0.06188884148230919 
0 0.5432140827178955 0.2712052510334895 0.06813991986788236 0.08712084476764385 
0 0.4557160964378944 0.45797261824974644 0.0944988544170673 0.14849152931800255 
0 0.5688539284926194 0.5783441066741943 0.10352860964261569 0.1776127815246582 
0 0.649220008116502 0.5965912158672626 0.17983616315401518 0.21447225717397836 
0 0.10048684019308823 0.610898494720459 0.10851050798709576 0.11138688600980319 
0 0.5906074964083158 0.7798674289996808 0.12315075214092548 0.19405783139742339 
0 0.8056408075185922 0.8352919358473557 0.0501713385948768 0.08082404503455529 
0 0.889152086698092 0.8391786722036508 0.09166820232684796 0.0964657710148738 
0 0.373015073629526 0.053365776172051065 0.07109216543344352 0.10673155234410213 
0 0.23877540001502404 0.8202149683179764 0.4775508000300481 0.3595700627909257 
0 0.43863903559171236 0.04956360046680157 0.06073324496929462 0.09912720093360314 
0 0.9388998470340784 0.9740420119980207 0.12220030535872166 0.05191597543083704 
