0 0.7008347511291504 0.8424837772662823 0.09308748978834885 0.06238577916071965 
0 0.5366360591008112 0.09498581748742324 0.09143491891714242 0.05855734073198759 
0 0.5673235379732572 0.1676579347023597 0.0690766114455003 0.07860500995929424 
0 0.47407724307133603 0.3227124030773456 0.09737597979032077 0.13267065928532526 
0 0.5740441542405349 0.4328610530266395 0.10753235450157753 0.15811557036179763 
0 0.6488837829002967 0.4533679485321045 0.1814267818744366 0.19423803916344276 
0 0.12997592183259818 0.43258237838745117 0.10844245782265297 0.1017902814424955 
0 0.5831088836376483 0.6071661435640775 0.12693130053006685 0.17336126474233773 
0 0.7829795984121469 0.6677025648263785 0.051812245295597956 0.07213643880990836 
0 0.8616064878610464 0.6760715337900015 0.09174589010385367 0.08801562969501202 
0 0.42007728723379284 0.009057153876011189 0.07506832709679237 0.018114307752022378 
0 0.24169155267568734 0.6762966376084548 0.4833831053513747 0.4579745806180514 
0 0.4816809067359337 0.007637715110412011 0.06374161060039814 0.015275430220824022 
0 0.9043912887573242 0.8384534762455866 0.13634520310621995 0.13865243471585786 
