0 0.7099253581120417 0.945433469919058 0.0892024407019982 0.06856404818021335 
0 0.41991233825683594 0.15171269728587225 0.08763349973238431 0.0642931919831496 
0 0.462022616313054 0.226141278560345 0.06601902154775766 0.08714156884413499 
0 0.4018684533926157 0.414451397382296 0.09294759310208835 0.14737844467163086 
0 0.516211986541748 0.5173245943509616 0.10257926354041466 0.17577699514535758 
0 0.5906390043405386 0.5260235346280612 0.1734621341411884 0.2151649915255033 
0 0.09649097460966843 0.5995743091289814 0.10375915123866154 0.1125485346867488 
0 0.556220293045044 0.7078411762530987 0.12115650910597581 0.1925847713763897 
0 0.75602964254526 0.7374350841228778 0.04944771986741286 0.08015111776498648 
0 0.8318463839017428 0.7320457972013034 0.08777339641864483 0.09734953366793118 
0 0.2844393986922044 0.04463944068321815 0.07152098875779372 0.0892788813664363 
0 0.23896519954387957 0.8010973562128268 0.47793039908775914 0.39780528700122464 
0 0.344340232702402 0.03727265733938951 0.06075745362501878 0.07454531467877902 
0 0.9015713104834924 0.9031460835383489 0.13039933718167818 0.15348405104417068 
