0 0.6261847202594464 0.96631358205699 0.10939825498140775 0.06737283531289834 
0 0.5864361616281363 0.18106185014431292 0.10694467104398288 0.07284348744612473 
0 0.6062463246859037 0.260216080225431 0.08725496438833383 0.08907110874469464 
0 0.4766214627486009 0.40378596232487607 0.12711191177368164 0.1472166501558744 
0 0.5645372500786414 0.5322850850912241 0.14255189895629883 0.17406834088839018 
0 0.6417990464430589 0.5651763585897592 0.22687486501840445 0.22184287584744966 
0 0.08367233436841232 0.46117457976708043 0.13291739729734567 0.11842635961679313 
0 0.5421572098365197 0.7118440041175256 0.1657719978919396 0.19231825608473557 
0 0.747430838071383 0.805580946115347 0.06792471959040715 0.07986142085148738 
0 0.8310362375699557 0.8266732142521784 0.1128091812133789 0.10207220224233773 
0 0.4861317781301645 0.04401154243029081 0.10263465001032902 0.08802308486058162 
0 0.2274797879732572 0.7217970077808087 0.4549595759465144 0.5447796674875113 
0 0.5511249945713923 0.04720476040473351 0.08617734909057617 0.09440952080946702 
0 0.8473765299870417 0.9598464230791881 0.16912386967585638 0.08030715326850231 
