0 0.12363642912644607 0.9219187589792105 0.10631935413067158 0.06633237692025992 
0 0.9867153601864209 0.8423286584707407 0.026569279054036506 0.06442935650165264 
0 0.9562582316306921 0.8897810715895432 0.050455916386384234 0.05704689025878906 
0 0.5922291187139658 0.0403746091402494 0.2989304799299974 0.0807492182804988 
0 0.0909727903512808 0.06695195344778207 0.1819455807025616 0.10941166144150954 
0 0.7934084167847266 0.01639961852477147 0.11578307701991154 0.03279923704954294 
0 0.31911919667170596 0.050166998918239884 0.023470291724571817 0.020917346844306357 
0 0.3974615977360652 0.06906830347501315 0.019804954528808594 0.015597976171053372 
0 0.36491830532367414 0.09775373110404381 0.01597133049598107 0.009023327093857985 
0 0.014367286975567158 0.1489185507480915 0.028734573951134317 0.025814762482276328 
0 0.8830974834183087 0.07175159683594337 0.23380503259026086 0.11705612677794236 
0 0.3430165877709022 0.12665014083568865 0.016812617962176982 0.015299613659198467 
0 0.5204252646519587 0.12676954727906448 0.041424494523268476 0.022707508160517767 
0 0.30132803550133336 0.15497540969115037 0.014979949364295373 0.012639935200030986 
0 0.1341104507446289 0.18564063769120437 0.014980022723858174 0.012639907690194936 
0 0.6859006973413321 0.15097534656524658 0.03394363476679875 0.02196163397568923 
0 0.20418497232290414 0.2333509922027588 0.03029632568359375 0.027790326338547926 
0 0.4213898548713097 0.27020736841055065 0.23251617871798003 0.1928551747248723 
0 0.13612420742328352 0.30246670429523176 0.030446492708646335 0.017897495856651895 
0 0.8591559482021973 0.24040322578870332 0.2816881030224837 0.26396132432497466 
0 0.5788615666902982 0.27994683155646694 0.04927811255821815 0.048260156924907975 
0 0.07614502540001503 0.3300715959989108 0.028950324425330527 0.017748319185697116 
0 0.279998229100154 0.3351864447960487 0.02180590996375451 0.01951291010929988 
0 0.6778320715977595 0.3056955520923321 0.11772445531991813 0.1293934675363394 
0 0.13950527631319487 0.4110919695634108 0.27901055262638974 0.15244406920212966 
0 0.5190996390122634 0.44490940754230207 0.15879425635704628 0.1384423696077787 
0 0.6943572026032668 0.45160343096806455 0.1890544707958515 0.1439364873445951 
0 0.9863156525848004 0.4214177681849553 0.02736869425727771 0.1463340979356032 
0 0.052508024068979114 0.5551009728358343 0.10501604813795823 0.14841193419236404 
0 0.8473584468548114 0.4732369092794565 0.035307774176964395 0.0431517454294058 
0 0.24428378618680513 0.5664409674130954 0.02846373044527494 0.025130675389216497 
0 0.9347141155829797 0.5141360759735107 0.030650964150061973 0.04144892325768104 
0 0.3694944381713867 0.573036945783175 0.21018204322228065 0.2575061137859638 
0 0.8128866782555213 0.5440916464878962 0.04941015977125902 0.027219148782583382 
0 0.240690854879526 0.6075042211092435 0.028295443608210638 0.02387538323035607 
0 0.171416135934683 0.6449401745429406 0.14148462735689604 0.32868058864886945 
0 0.3079004471118634 0.023892159645374004 0.2547958447383 0.04778431929074801 
0 0.03821207926823543 0.6764386250422552 0.07642415853647086 0.11521486135629508 
0 0.5934476760717539 0.6715499437772311 0.2446123086489164 0.27208533653846156 
0 0.02969635449923002 0.750025565807636 0.05939270899846004 0.06541171440711388 
0 0.08878440123337966 0.7523976105910081 0.03352935497577374 0.07393631568321815 
0 0.923811839033778 0.6854729835803692 0.1523763213593226 0.21994653114905724 
0 0.312160455263578 0.8013589565570538 0.047463417053222656 0.056748610276442304 
0 0.9962536023499874 0.754806115077092 0.007492794726903622 0.282287230858436 
0 0.037691666529728815 0.8814308826739972 0.07538333305945763 0.16982364654541016 
