0 0.27465449846707857 0.08723075401324493 0.2574058679433969 0.14110242747343504 
0 0.7402081856360803 0.11075930641247676 0.18529701232910156 0.10420675919606136 
0 0.09561231044622567 0.10003695350426894 0.09949508997110221 0.05717262396445641 
0 0.5211619597214919 0.11263235257222103 0.019370079040527344 0.021430134773254395 
0 0.4532340489901029 0.13986913974468523 0.01653157747708834 0.015784318630511943 
0 0.48468419221731335 0.16865457938267633 0.013654745542086087 0.008746899091280423 
0 0.8090909077570989 0.1949691130564763 0.04092568617600661 0.024849066367516152 
0 0.06142157316207886 0.18393168999598578 0.12284314632415771 0.10941459582402156 
0 0.5066989568563608 0.1985534796347985 0.013846800877497746 0.015704833544217624 
0 0.34909716019263637 0.21338699414179876 0.035479215475229114 0.021906962761512168 
0 0.5462420353522668 0.22618572528545672 0.012427513415996846 0.012881939227764424 
0 0.6975139471200796 0.24598308709951547 0.012427550095778245 0.012881939227764424 
0 0.20422837367424598 0.25366650177882266 0.02876709057734563 0.021708286725557767 
0 0.8968827907855694 0.27556038819826567 0.14011544447678786 0.11955494147080642 
0 0.6394804807809683 0.30415275463691127 0.02493176093468299 0.028547048568725586 
0 0.44977389849149263 0.3626033617899968 0.19320157858041617 0.19621073282681978 
0 0.7060623535743127 0.37436716373150164 0.02596701108492338 0.017454073979304388 
0 0.08740508556365967 0.37052425054403454 0.17481017112731934 0.2627262885753925 
0 0.31073566583486706 0.38634272722097546 0.040274620056152344 0.04985798322237455 
0 0.7617914493267353 0.3996930489173302 0.02462460444523738 0.017414313096266527 
0 0.5811379872835599 0.42220062475938064 0.017989231989933893 0.019998807173508864 
0 0.22508734006148118 0.4228040805229774 0.09493371156545785 0.1349031375004695 
0 0.7768234106210562 0.48787986315213716 0.36990092350886417 0.13469886779785156 
0 0.37842600162212664 0.562437314253587 0.1313328376183143 0.1415422146136944 
0 0.22331705460181603 0.5843082758096548 0.15825825471144456 0.14512014389038086 
0 0.8599717800433819 0.6393628854017991 0.19853107745830828 0.14631205338698167 
0 0.08930289974579445 0.6207308585827167 0.028077561121720534 0.04532560935387245 
0 0.6333301250751202 0.6730439112736628 0.023512620192307692 0.025724117572490986 
0 0.015313943131611897 0.6728573945852426 0.02401187500128379 0.04381480583777794 
0 0.5226748906649076 0.6906597247490516 0.1670845471895658 0.2705223743732159 
0 0.1261977690916795 0.6956375195429876 0.04230656990638146 0.02628040313720703 
0 0.6401556455172025 0.7178132717426007 0.02347417978140024 0.024332486666165866 
0 0.7050128716688889 0.7531584409567026 0.09835543999305138 0.35608684099637544 
0 0.5267254939446082 0.05708786673270739 0.22230892914992112 0.0844454111961218 
0 0.8751171919015738 0.772120475769043 0.15871730217566857 0.11315316420335036 
0 0.33242881298065186 0.8173380631666917 0.19696362201984113 0.2839208749624399 
0 0.8459258079528809 0.8562128727252667 0.059529597942645736 0.06711336282583383 
0 0.7879325793339655 0.8642455247732309 0.02366806910588191 0.07995656820443961 
0 0.049625699336712174 0.8601651191711426 0.09925139867342435 0.23302980569692758 
0 0.5938146114349365 0.9364928465623122 0.03785863289466271 0.05951969440166767 
0 0.883662040417011 0.9549147164305816 0.1322930409358098 0.09017056656571534 
