0 0.10059030239398663 0.9916925795662862 0.08959660163292518 0.016614840294306096 
0 0.8921676874160767 0.994068989243645 0.038100370993980996 0.011862020939588547 
0 0.6270808164889996 0.11339848087384151 0.25647011170020473 0.12673150117580706 
0 0.15677565794724685 0.12332902046350333 0.1845558606661283 0.09372068368471585 
0 0.8073905156208918 0.13023178394024187 0.09906583565932053 0.05147684537447416 
0 0.377725912974431 0.13088791186992937 0.019022318033071663 0.019769631899320163 
0 0.44556153737581694 0.15842136969933143 0.016298990983229417 0.014501314896803636 
0 0.41309375029343826 0.1847919409091656 0.01357269287109375 0.007916982357318584 
0 0.08512199842012845 0.20108537490551287 0.04071507087120643 0.02243483983553373 
0 0.8889073951957891 0.2117024018214299 0.21980582614644215 0.09772267708411583 
0 0.3901169483478253 0.21246407582209662 0.013588171738844652 0.014497206761286808 
0 0.5487432113060584 0.2306465460703923 0.03528719681959886 0.019794519131000225 
0 0.349513604090764 0.23753103843102089 0.012226618253267728 0.011863011580247145 
0 0.19638652067918044 0.2522414189118605 0.012226618253267728 0.011863029920137845 
0 0.693871232179495 0.2725385152376615 0.028510075349074144 0.019784157092754658 
0 0.031868971311129056 0.27492255430955154 0.06373794262225811 0.10944285759559044 
0 0.2534471291762132 0.3087444030321561 0.024459472069373496 0.02635814593388484 
0 0.4433470689333402 0.36899271378150356 0.19018220901489258 0.1805879519535945 
0 0.18447329447819635 0.3733361867757944 0.025790067819448616 0.015831837287315957 
0 0.8618404680433182 0.38805864407466006 0.2763190633402421 0.24001279244056115 
0 0.5830162305098313 0.3951004101679875 0.03941546953641451 0.04612159729003906 
0 0.12759883587176984 0.3957958771632268 0.024434603177584134 0.015829783219557542 
0 0.30928571407611555 0.42183940227215105 0.01766373560978816 0.018451507274921123 
0 0.6684938394106351 0.43181929221520055 0.09246257635263297 0.1251650590163011 
0 0.14766271297748274 0.47873361294086164 0.29532542595496547 0.11769302074725811 
0 0.5102119445800781 0.5597178385807917 0.12907101557804987 0.13048509451059195 
0 0.6661429313512949 0.5844846321986272 0.15618535188528207 0.13315857373751128 
0 0.9627758492357456 0.5892604130965012 0.07444830095538726 0.13968508060161883 
0 0.06041409419133113 0.6196850079756516 0.12082818838266227 0.13322070928720328 
0 0.8004183677526621 0.6224450331467849 0.027207466272207406 0.042154752291165866 
0 0.2502030592698317 0.6575025411752554 0.023097845224233773 0.02372404245229868 
0 0.8737314343452454 0.6736591045673077 0.02313812879415659 0.0408326662503756 
0 0.36139310323275053 0.6770735337184026 0.16188617853017953 0.25161086595975435 
0 0.761275942508991 0.6922554969787598 0.04207352491525503 0.023753019479604866 
0 0.24216985702514648 0.6996284631582407 0.023094690763033353 0.022407971895658053 
0 0.17582930051363432 0.7313149525569036 0.09024502680851863 0.3344120612511268 
0 0.3735355597275954 0.07825232010621291 0.22246074676513672 0.07403798286731426 
0 0.0412290279681866 0.7447382853581355 0.0824580559363732 0.10289162855881911 
0 0.5500896527216985 0.8018100811884954 0.19173314021183893 0.2635008738591121 
0 0.0310208247258113 0.8249755639296311 0.058428397545447715 0.06194312755878155 
0 0.0893250978910006 0.8340989259573129 0.021863350501427285 0.07504763970008263 
0 0.8456835792614863 0.8500525401188777 0.11707706634814923 0.21732550400954026 
0 0.2833223342895508 0.9075014407818134 0.03672629136305589 0.05532968961275541 
0 0.9559880356089427 0.8988802248182205 0.08802392820899303 0.2022395497904374 
0 0.02694533421443059 0.9381336430804088 0.05389066842886118 0.1237327132660609 
