0 0.14182028403648964 0.9930635230759015 0.09423219240628757 0.013872953275075326 
0 0.9221479778106396 0.952764474428617 0.043919723767500654 0.06725670741154598 
0 0.8840718727845412 0.9861301640765026 0.04443625303415152 0.027739671273873404 
0 0.569239249596229 0.07007204110805805 0.2653647202711839 0.1401440822161161 
0 0.1070264669565054 0.11838880869058463 0.19121214059682992 0.11169721530033992 
0 0.7485373662068293 0.0643624743589988 0.10275728885944073 0.06113473497904264 
0 0.3254132637610802 0.10529607075911301 0.02073243948129507 0.021695632200974684 
0 0.39501593663142276 0.12668264829195464 0.0175173832820012 0.016133950306819037 
0 0.3657088279724121 0.1562988391289344 0.014165951655461239 0.009246422694279598 
0 0.04432942317082332 0.2034581074347863 0.04236162625826322 0.026413404024564303 
0 0.8370791879984049 0.13881788345483634 0.226325498177455 0.11903211703667274 
0 0.34588149877694935 0.18633699417114258 0.014847902151254507 0.015875706305870645 
0 0.5039595640622653 0.18979100997631365 0.036749803102933444 0.02324516956622784 
0 0.30842931453998274 0.21540210797236517 0.013240300692044772 0.013094865358792819 
0 0.1590996522169847 0.24457800388336182 0.013240374051607572 0.01309484701890212 
0 0.6511446145864633 0.21840170713571402 0.030075953556941107 0.022599550393911507 
0 0.01813477736253005 0.2863576320501474 0.0362695547250601 0.12321712420536922 
0 0.22102440320528471 0.2961664291528555 0.02675342559814453 0.028841440494243916 
0 0.4141663404611441 0.3390778945042537 0.2055519544161283 0.19972019929152268 
0 0.15963315963745117 0.367718898333036 0.02699727278489333 0.01836369587824895 
0 0.8400502937057843 0.3168700016461886 0.3198994120153097 0.27203829471881574 
0 0.5543758135575515 0.3522948485154372 0.043481643383319564 0.050149697523850664 
0 0.10589089760413536 0.39568185806274414 0.02566242218017578 0.018234619727501504 
0 0.28747841028066784 0.4048958191504845 0.01926136016845703 0.020240636972280648 
0 0.6422852002657377 0.38128374173091006 0.10372037153977615 0.13473705145028922 
0 0.1426980312053974 0.48088944875277007 0.2853960624107948 0.15325315182025617 
0 0.4993446790255033 0.5249997652493991 0.1403048588679387 0.14352688422569862 
0 0.6554351036365216 0.535341317837055 0.16727311794574445 0.1487611990708571 
0 0.9521812107414007 0.5101705147669866 0.09563757794407698 0.15203310893132135 
0 0.06431011053232047 0.6311494020315317 0.12862022106464094 0.1526350608238807 
0 0.791532828257634 0.5610074630150428 0.03105952189518855 0.04500990647536058 
0 0.2531593396113469 0.6479057165292593 0.025145970858060397 0.02606054452749399 
0 0.8689293677990253 0.6057429497058575 0.026918814732478216 0.04329670392549955 
0 0.3646566684429462 0.6572050498082087 0.18488590533916766 0.26860475540161133 
0 0.7600521674522986 0.6350225301889273 0.04383281561044546 0.02786841759314904 
0 0.24951465313251203 0.691107859978309 0.025009595430814303 0.0247347171490009 
0 0.18738361505361703 0.729255749629094 0.12273443662203275 0.3452899639423077 
0 0.31595391493577224 0.05264920913256132 0.22654034541203424 0.09542495470780593 
0 0.05098320887638973 0.758913516998291 0.10196641775277945 0.11839551192063552 
0 0.5631461510291467 0.765212609217717 0.21547838357778695 0.28337823427640474 
0 0.0542451051565317 0.8372081976670486 0.06380499326265775 0.06786779256967398 
0 0.11259511800912711 0.8409366607666016 0.029129761915940505 0.07763979985163762 
0 0.8591732680797577 0.7861193510202261 0.13729258225514337 0.22987123636099008 
0 0.31110517795269305 0.89671934567965 0.04176660684438852 0.059172410231370196 
0 0.9595952536910772 0.8572539914972507 0.08080949204472396 0.285492016432377 
0 0.04924898881178636 0.9433929735364822 0.09849797762357272 0.11321405235391396 
