0 0.08226540455451378 0.9304806635929987 0.049397211808424726 0.06965989332932693 
0 0.11293161373872024 0.9759774940231671 0.04892258460705097 0.048045011380544074 
0 0.5279587048750657 0.08730178403381544 0.26726198196411133 0.17429964778085166 
0 0.934513165257298 0.1876500019660363 0.13097366891228235 0.1279146121098445 
0 0.35571831923264724 0.06919359014584468 0.10378558819110577 0.06981474161148071 
0 0.7572537568899301 0.1525668089206402 0.022086583651029147 0.023149472016554613 
0 0.6878255697397085 0.16667080842531645 0.018392416147085335 0.017432157809917744 
0 0.7124213805565467 0.19893950682419997 0.014407891493577223 0.010417021237886868 
0 0.9970034084354455 0.27816112224872297 0.0059931825559872845 0.0299532596881573 
0 0.26172454999043393 0.13387839152262762 0.2266770051075862 0.138646281682528 
0 0.727860267345722 0.23066497766054594 0.015859090364896335 0.016906169744638298 
0 0.5755965159489558 0.21806272176595834 0.03728675842285156 0.026305583807138298 
0 0.76034637597891 0.2632138729095459 0.01401204329270583 0.014047512641319862 
0 0.9002881416907678 0.3072097668280968 0.014011969933143029 0.014047512641319862 
0 0.43077558737534744 0.2314513921737671 0.030953370607816257 0.02499054028437688 
0 0.8346085548400879 0.35197001237135667 0.028604434086726263 0.030690633333646335 
0 0.6439243463369516 0.37484898933997524 0.21709383451021635 0.21462315779465896 
0 0.8849883079528809 0.42897682923537034 0.027549376854529746 0.020571048443134014 
0 0.2266356715789208 0.3085761070251465 0.354287523489732 0.2988000282874474 
0 0.5076527228722205 0.37371580417339617 0.04689106574425331 0.053051068232609674 
0 0.933254938859206 0.46208620071411133 0.026282750643216647 0.02030805441049429 
0 0.7577164356525128 0.4527997420384334 0.020529747009277344 0.021588655618520882 
0 0.4197262617257925 0.39348550943227917 0.11370431459867038 0.1411779110248272 
0 0.8728112806207858 0.5472683539757361 0.25437743818530667 0.18730750450721154 
0 0.539776086807251 0.5501464880429782 0.1490652744586651 0.15347051620483398 
0 0.388594572360699 0.54455933204064 0.17497917322012094 0.16132618830754206 
0 0.08849883595338234 0.4876809853773851 0.1434967964887619 0.16097721686730018 
0 0.9381145329142992 0.7032311879671537 0.12377093359827995 0.16921652280367339 
0 0.25477767907656157 0.5561585976527288 0.03462037673363319 0.04679059982299805 
0 0.7615013856154221 0.6966829299926758 0.026757313654972956 0.02783203125 
0 0.17505890589493972 0.5925714419438288 0.030530140950129583 0.04470370366023137 
0 0.653280991774339 0.69458374610314 0.20616531372070312 0.2791825808011569 
0 0.2761297501050509 0.6325705968416654 0.04449075918931227 0.03151416778564453 
0 0.7598145191486065 0.7397914299598107 0.026467176584097054 0.026534153864933893 
0 0.8149163172795222 0.783826626264132 0.15731518085186297 0.34700639431293195 
0 0.7726624195392315 0.10144279324091397 0.22398647895226112 0.11581142590596126 
0 0.9440481111120719 0.8302067609933707 0.11190377720273458 0.13173917623666617 
0 0.44964287831233096 0.7813192514272836 0.23664408463698167 0.2966491992657001 
0 0.9298450763408954 0.9041140262897198 0.06810701810396634 0.07230721987210788 
0 0.8733465854938214 0.9018895075871394 0.03680911430945763 0.07818427452674279 
0 0.1627701337520893 0.7720032838674692 0.15681950862591082 0.23675984602708083 
0 0.6759602473332331 0.9369577627915603 0.046389212975135215 0.061609928424541764 
0 0.05608333074129545 0.832919927743765 0.1121666614825909 0.30273760282076323 
0 0.9308198780681078 0.9751948208476489 0.13836024329066277 0.049610357731580734 
