0 0.875344863304725 0.5609546808096079 0.07766562241774339 0.08943924537071815 
0 0.8100645725543683 0.6236275892991286 0.10949362241304837 0.06663733262282151 
0 0.5445428444789007 0.6602816581726074 0.099609925196721 0.08003579653226413 
0 0.40417056817274827 0.6833741114689753 0.060491158412053034 0.0676730229304387 
0 0.8639036325307993 0.6722517013549805 0.09974875816932091 0.058050302358774036 
0 0.9975243346908917 0.6834104244525616 0.004951330045094857 0.054841114924504206 
0 0.9657184526037711 0.70376311815702 0.06856309421933614 0.06429283435528095 
0 0.6029766889718863 0.7575476719782903 0.15548948141244742 0.0762166243333083 
0 0.06560865388466762 0.8518666854271522 0.07458947942807125 0.11104708451491135 
0 0.8630374028132513 0.7607291661776029 0.13485849820650542 0.08456648313082181 
0 0.3142141562241774 0.8350602296682504 0.06252905038686898 0.10705206944392277 
