0 0.6407779913682204 0.7399081817040076 0.0802294657780574 0.102905640235314 
0 0.5655740224398099 0.7786936026353103 0.10022992354172927 0.08266749748816857 
0 0.3490927035991962 0.7145931170536921 0.09538745880126953 0.09558376899132362 
0 0.2331248246706449 0.6844812173109788 0.0620573483980619 0.078062864450308 
0 0.5865075588226318 0.8486704459557166 0.09073393161480243 0.07252164987417367 
0 0.7098147318913386 0.9243482809800369 0.07047491807204026 0.0662527084350586 
0 0.6558536016024076 0.9220824608435998 0.07797835423396184 0.07698323176457332 
0 0.35358811341799223 0.835766865656926 0.13834570004389837 0.09806544964130108 
0 0.5496084873492901 0.9382741267864521 0.12398844498854417 0.10443386664757362 
0 0.10273624612734868 0.8043258373553936 0.07218384284239548 0.11963565532977764 
