0 0.1017595323232504 0.6162468836857722 0.06808013640917264 0.08943660442645733 
0 0.17191526064505944 0.6672181716332068 0.09856186463282658 0.0632479007427509 
0 0.41692933669457066 0.6511511435875525 0.0888218146104079 0.07805780264047477 
0 0.5471463753626897 0.6464590292710525 0.05311162655170147 0.06755792177640475 
0 0.13259455790886512 0.7278487132145808 0.0899051702939547 0.054811330942007214 
0 0.008446434942575602 0.7732795201815091 0.016892869885151204 0.05305752387413612 
0 0.04115139807646091 0.7819760395930364 0.07295118272304535 0.0625906724196214 
0 0.3824755778679481 0.7624930601853591 0.1407650067256047 0.07035475510817307 
0 0.8820615548353928 0.750587169940655 0.06429136716402493 0.11247678903432992 
0 0.14972365819490874 0.8182290517366849 0.12128595205453727 0.08053376124455379 
0 0.6558938026428223 0.7835541138282189 0.05328978024996244 0.10904554220346305 
