0 0.727635383605957 0.5323976003206693 0.06564477773813102 0.09141305776742789 
0 0.6741616175724909 0.5954073209028977 0.09169842646672176 0.06587824454674354 
0 0.4536466048314021 0.6227506857651931 0.08369794258704552 0.08050177647517277 
0 0.33711921251737154 0.6411026991330661 0.05110014401949369 0.0690921269930326 
0 0.7196490948016827 0.6486624937791091 0.08349932157076322 0.05720050518329327 
0 0.8600928966815655 0.6674155088571402 0.0627604264479417 0.05487845494196965 
0 0.8103214410635141 0.6862494028531588 0.06866631141075721 0.06459258152888371 
0 0.5036308398613563 0.7272201684805063 0.1299561353830191 0.07404180673452523 
0 0.057626601595145 0.8036814102759728 0.06340353993269113 0.1144409913283128 
0 0.7201503606942984 0.7414333270146296 0.1129763676570012 0.08378006861760066 
0 0.26433458695044887 0.7964494778559759 0.05335088876577524 0.11072885073148288 
