0 0.28134943888737607 0.6818045102632962 0.05762298290546124 0.09053259629469651 
0 0.34131856148059553 0.7383452928983248 0.08467859488267165 0.06155953040489784 
0 0.5543981515444242 0.7334376481863168 0.07591119179358849 0.07757781102107121 
0 0.667570921090933 0.7348406865046575 0.044995674720177285 0.06830347501314603 
0 0.30603360212766206 0.7996652309711163 0.07729590856111966 0.053128756009615384 
0 0.17564881306428176 0.8398258502666767 0.057292984082148626 0.05241188636192909 
0 0.22560580877157357 0.8516841301551232 0.06237622407766489 0.06212117121769832 
0 0.5223883115328275 0.8478709367605356 0.12131588275615986 0.066955933204064 
0 0.9564683253948505 0.8596098973200872 0.05388487302339994 0.11489706773024339 
0 0.31921324363121617 0.8947352262643667 0.10415055201603816 0.07859002626859225 
0 0.7594382946307843 0.8830507351801946 0.04436419560359074 0.11183393918550931 
