0 0.3355273466843825 0.7885788770822378 0.038716683020958535 0.020138006943922777 
0 0.24009235088641828 0.8105852420513446 0.05044742730947641 0.02389071537898137 
0 0.5072017632997953 0.8474454146165115 0.06104583006638747 0.028726577758789062 
0 0.8232625079556153 0.8742878987238958 0.35347498351564777 0.20547954852764422 
0 0.2347027796965379 0.9554135982806866 0.06345042815575233 0.02778757535494291 
0 0.2537626303159274 0.9756317872267503 0.0650027348445012 0.03038655794583834 
0 0.5234117874732385 0.5037132593301626 0.19533751561091497 0.050005435943603516 
0 0.9567819373825421 0.48529632274921125 0.08643612466179408 0.03969287872314453 
0 0.7197829760037936 0.5983214561755841 0.11207785973182091 0.03572232906634991 
0 0.999346512871293 0.6429850138150729 0.0013069736842925732 0.02475599142221304 
0 0.5654434057382437 0.7140321364769568 0.1386563227726863 0.03752334301288311 
