0 0.15951017233041617 0.7689665647653433 0.03871778341440054 0.01981507814847506 
0 0.060478318196076616 0.7731211735652044 0.05053601356653067 0.023315282968374398 
0 0.3187076128446139 0.86374543263362 0.061159794147198014 0.02801814446082482 
0 0.6993423425234281 0.9344175410671876 0.5001539450425369 0.1311649172925032 
0 0.029537737369537354 0.9224824538597693 0.05907547473907471 0.02691511007455679 
0 0.04229397727892949 0.9472158138568585 0.06513162301136897 0.02961907019981971 
0 0.4009604729138888 0.5099248152512771 0.19725794058579665 0.04498085608849159 
0 0.849184146294227 0.5785212333385761 0.11579330150897686 0.03740761830256535 
0 0.5778109477116511 0.6466640325692984 0.11291885375976562 0.033302013690655045 
0 0.8751066648043119 0.7533959242013785 0.05828534639798678 0.023912503169133112 
0 0.40223506780771107 0.73659636424138 0.13994414989764875 0.03409011547382061 
