0 0.7234333111689641 0.5906777198498065 0.27565919435941255 0.09756363355196439 
0 0.9889903067109677 0.5732661393972543 0.022019386004943114 0.12039690751295823 
0 0.483754616517287 0.7124456809117243 0.1903398587153508 0.22755831938523513 
0 0.26018614035386306 0.7392863860497108 0.27840001766498274 0.2090893525343675 
0 0.8763460744745456 0.6905985245337853 0.24730785047778717 0.1269518778874324 
0 0.8609898273761456 0.861385125380296 0.16510692009559044 0.17795577416053185 
0 0.9960645894305065 0.9102695538447454 0.00787082056586559 0.15375144665057844 
0 0.2581960375492389 0.172417191358713 0.30706960421342117 0.14225044617286095 
0 0.7437419707958515 0.2105078284557049 0.2880107072683481 0.16645480119265044 
0 0.2838314679952768 0.44692219220674956 0.2907548684340257 0.19925785064697266 
0 0.8433841923968151 0.46589282842782825 0.3132316146332484 0.26348209381103516 
