0 0.33030299039987415 0.5739763333247259 0.28075236540574294 0.0834489235511193 
0 0.0322110836322491 0.5756711409642146 0.0644221672644982 0.11240882139939529 
0 0.5842861028817984 0.683113905099722 0.18428839170015776 0.2204438723050631 
0 0.8160879199321454 0.6975699021266057 0.2769402999144334 0.19665032166701096 
0 0.15192028192373422 0.685205129476694 0.30384056384746844 0.11085062760573167 
0 0.20459941717294547 0.8543012325580304 0.16101859166071966 0.1714652134821965 
0 0.034376914684589095 0.9160775037912222 0.06875382936917819 0.14577652857853815 
0 0.784745977475093 0.1266464774425213 0.31073788496164173 0.12707890914036676 
0 0.2869962728940524 0.19230446907190177 0.2894783386817345 0.15276761238391584 
0 0.7745174123690679 0.40450208003704363 0.29037179396702695 0.18595310357900766 
0 0.17747141764714167 0.4582553826845609 0.35494283529428333 0.24348783493041992 
