0 0.5702191866361178 0.5313065969027005 0.2742579533503606 0.12895503410926232 
0 0.8998366869412936 0.4736024966606727 0.18147820692795974 0.13941343014056867 
0 0.35317010145920974 0.6818262246938852 0.21011594625619742 0.24680431072528547 
0 0.14264163604149452 0.7350828831012433 0.28528327208298904 0.23911615518423227 
0 0.7661472100477952 0.6094959882589487 0.31916640355036807 0.16306183888362005 
0 0.7382833774273212 0.7870955467224121 0.17974457373985878 0.194945188669058 
0 0.9319028852937313 0.8099566973172702 0.13619422883941576 0.17338048494779146 
0 0.11011874675750732 0.1658133864402771 0.22023749351501465 0.17670969779674822 
0 0.541378589776846 0.14698171615600586 0.2949015177213229 0.19827431898850661 
0 0.13806012043586144 0.4385793942671556 0.2761202408717229 0.23090711006751427 
0 0.7256927857032189 0.3851708907347459 0.43898178980900693 0.3103540310492882 
