0 0.44000157943138707 0.504991182914147 0.23784244977510893 0.08128815430861253 
0 0.14257075236393854 0.525789921100323 0.14854658566988432 0.10885451390193059 
0 0.660203924545875 0.5962062799013578 0.15803812100337103 0.21297443830049956 
0 0.8563245569284146 0.5975323823782114 0.23593545647767875 0.19034290313720703 
0 0.28754626787625825 0.6222343261425312 0.27466561244084287 0.10782582943256085 
0 0.35006295717679536 0.7815143145047702 0.13783836364746094 0.165711182814378 
0 0.16234346536489633 0.8532696870657114 0.15547825739933893 0.14102811079758865 
0 0.7973955044379601 0.055829451634333685 0.2636465292710524 0.11165890326866737 
0 0.3817727749164288 0.1401360699763665 0.24600645212026742 0.14810255399117103 
0 0.8046059402135702 0.3178287469423734 0.24714414431498602 0.18007876322819635 
0 0.27397815997783953 0.40392764715047985 0.3637134845440204 0.2359461600963886 
