0 0.6128526100745568 0.3980101805466872 0.27697137685922474 0.14175216968242937 
0 0.924674033975372 0.33228635787963867 0.1506519314761345 0.1519446739783654 
0 0.400725584763747 0.5627776292654184 0.21904387840857872 0.2677284387441782 
0 0.1880123454790849 0.6224947342505822 0.2989099163275499 0.26038294572096604 
0 0.8134083381065955 0.4803968392885648 0.3229252741887019 0.17893046599168044 
0 0.7928833594689002 0.6724384931417612 0.1866330366868239 0.21162880384005034 
0 0.9590066028042481 0.6948080979860746 0.08198679381838211 0.1886135614835299 
0 0.12312306807591365 0.05269040969701914 0.2462461361518273 0.10538081939403827 
0 0.5675327227665827 0.04580732033802913 0.30057782393235427 0.09161464067605826 
0 0.16096215637830588 0.3025123247733483 0.3088586949385129 0.25167558743403506 
0 0.7631767713106595 0.23861524691948524 0.4481350825383113 0.3386469070728009 
