0 0.5186606187086839 0.11264083018669716 0.04146561255821815 0.09447888227609488 
0 0.5632824897766113 0.1517022939828726 0.04177042154165415 0.08417294575617863 
0 0.6502909660339355 0.21951923003563514 0.06511328770564152 0.09161604367769681 
0 0.5145132358257587 0.26169419288635254 0.05943004901592548 0.08460228259746845 
0 0.5380352460421048 0.0283049436715933 0.07648644080528846 0.0566098873431866 
0 0.4254082716428317 0.365093836417565 0.0480504769545335 0.12483585797823392 
0 0.36543717751136195 0.5340586625612699 0.07987095759465145 0.08788662690382737 
0 0.3981327276963454 0.4999999998567196 0.7962654553926908 0.9999999997134392 
0 0.2753229783131526 0.5573124702160175 0.05700413997356708 0.11278897065382737 
0 0.050636387788332425 0.6115029224982629 0.10127277557666485 0.1792629315302922 
0 0.8737706403033092 0.7143228419411641 0.2524587188202601 0.5713543155445502 
0 0.33639660248389613 0.8433958200307993 0.16928588427030122 0.22450608473557693 
