0 0.507151933816763 0.029939300738848172 0.03460876758282001 0.059878601477696344 
0 0.4659131673666147 0.05752070133502667 0.03581821001493014 0.08298142139728253 
0 0.38464494851919323 0.1357542138833266 0.05927188579852764 0.08859598636627197 
0 0.5266448901249812 0.16329609430753267 0.05401310553917518 0.08187470069298378 
0 0.6275995878072885 0.2579225760239821 0.0387720328110915 0.12428753192608173 
0 0.7057382143460788 0.4220718237069937 0.07483174250676082 0.08346293522761418 
0 0.656131450803234 0.4953636389512282 0.6877370978204104 0.9907272779024564 
0 0.7994961188389704 0.4355619137103741 0.04906181188730093 0.11110173738919772 
0 0.994122645459496 0.4645468821892372 0.0117547085078863 0.17435260919424203 
0 0.18257518915029672 0.6881828308105469 0.26528263092041016 0.6103377709021935 
0 0.7669115158227774 0.731570683992826 0.15528666056119478 0.21625254704402044 
