0 0.5717430114746094 0.07064932584762573 0.042833768404447116 0.09030154118171105 
0 0.619419684776893 0.10937575193551871 0.043467008150540866 0.08032633708073543 
0 0.7126221290001502 0.1768534045953017 0.06890384967510517 0.08692091244917649 
0 0.5629725272838886 0.21399214634528527 0.06286125916701096 0.08028465050917405 
0 0.595634020291842 0.008207285633453956 0.08178124060997596 0.016414571266907912 
0 0.4626121520996094 0.31123920587392956 0.04919169499323918 0.1194905501145583 
0 0.3922416430253249 0.47232622366685134 0.08522939682006836 0.0829322154705341 
0 0.4243217614980844 0.4999999998567196 0.8486435229961689 0.9999999997134392 
0 0.29305551602290225 0.4924156849200909 0.05937976103562575 0.10760791485126202 
0 0.049475211363572344 0.5386715118701642 0.09895042272714469 0.17037079884455755 
0 0.9061513679245343 0.6824965660388653 0.1876972635778097 0.590910581442026 
0 0.35169934309445894 0.769292794741117 0.1795366910787729 0.21274896768423227 
