0 0.2584835932804988 0.20601080931149995 0.052252696110652044 0.09704371599050668 
0 0.2257976531982422 0.2576646713110117 0.051424466646634616 0.08714076188894418 
0 0.841712970000047 0.15820401906967163 0.05671083010160006 0.0592264487193181 
0 0.8771068453788757 0.18478079025561994 0.043525906709524304 0.06103755877568172 
0 0.15959750688993013 0.3504713223530696 0.07579869490403396 0.0976252005650447 
0 0.30660728307870716 0.34592709174522984 0.0692911148071289 0.09005260467529297 
0 0.21114613459660456 0.12204771775465745 0.0858305417574369 0.08658823600182167 
0 0.4254429523761456 0.4147160053253174 0.06224258129413311 0.1272716889014611 
0 0.5347676093761737 0.5552014387570895 0.09027873552762546 0.09611316827627328 
0 0.519682040438056 0.4999999998567196 0.9606359185507665 0.9999999997134392 
0 0.6309374479147104 0.5476953983306885 0.06994955356304462 0.11691177808321439 
0 0.8769088249940139 0.5229715750767634 0.13681996785677397 0.1894100262568547 
0 0.12665686240563026 0.8020192658385406 0.2533137248112605 0.3959614677497974 
0 0.6548901888040396 0.8388763941251315 0.1955583645747258 0.24060696821946365 
