0 0.5205309391021729 0.05291029237783872 0.04544709278987004 0.0982255545946268 
0 0.4710812568664551 0.09340100792738107 0.045890441307654746 0.08752164932397696 
0 0.37457735721881574 0.1636785498032203 0.0719293080843412 0.09530460834503174 
0 0.5266168667719915 0.20779881110558143 0.06564125647911659 0.08800689990703876 
0 0.6271325074709378 0.3154348868590135 0.05251169204711914 0.12977132430443397 
0 0.6957530425145075 0.4911352304311899 0.08847497059748723 0.09146382258488582 
0 0.6098287654324219 0.4999999998567196 0.7803424685620345 0.9999999997134392 
0 0.7966137207471408 0.515494915155264 0.06264747106111966 0.1172783558185284 
0 0.9961448952269095 0.5723108878502479 0.007710208973059287 0.18645491966834435 
0 0.13412824043860802 0.6901056398279392 0.26825648087721604 0.619788719771 
0 0.7312020246799176 0.8126270954425519 0.18714217039254996 0.2335665042583759 
