0 0.11888103760205783 0.27938188039339507 0.04505862639500545 0.03618926268357497 
0 0.21743398446303147 0.32603352803450364 0.03480243682861328 0.05007133117088905 
0 0.22905800892756537 0.38366191203777605 0.04397113506610577 0.03720786021305965 
0 0.44431523176339954 0.4559040619776799 0.05312197025005634 0.05429264215322641 
0 0.373378350184514 0.5619480426494892 0.08344210111177884 0.07007884979248047 
0 0.8860970643850473 0.6680870422950158 0.07335406083327073 0.0624237794142503 
0 0.24986654061537522 0.5770165553459754 0.1332252575800969 0.08188874904926007 
0 0.36508864622849685 0.6352820946620061 0.15043933574969953 0.11707698381864108 
0 0.550157932134775 0.6734211628253644 0.022295034848726712 0.020452132591834433 
0 0.6867176202627329 0.7630630639883188 0.03444598271296574 0.04042816162109375 
0 0.11658358573913574 0.6959589261275071 0.23316717147827148 0.17213971798236555 
