0 0.902196297278771 0.2385329741698045 0.040365952711838946 0.03355292173532339 
0 0.798133373260498 0.2709688956920917 0.02740324460543119 0.051457771888146035 
0 0.7772100155170147 0.33174965931819034 0.03906880892240084 0.0349278816810021 
0 0.554838620699369 0.3701950770158034 0.04560521932748648 0.052983687474177435 
0 0.6065732332376333 0.499406282718365 0.07422935045682467 0.06567049026489258 
0 0.08784989898021404 0.5189369091620812 0.06511563979662381 0.05867484899667593 
0 0.724788445692796 0.53910310451801 0.12363551213191105 0.07020796262300931 
0 0.6025066192333515 0.5810934580289401 0.13541122583242562 0.10769455249492939 
0 0.4152985719534067 0.5879546862382156 0.01953865931584285 0.019541483659010667 
0 0.2669558066588182 0.6602146075322077 0.02868063633258526 0.040387593782865085 
0 0.847963076371413 0.6965685991140512 0.23819402547983023 0.15142580179067758 
0 0.9697501475994403 0.8969602951636682 0.02866649627685547 0.0334624510544997 
