0 0.2020514836678138 0.15933940502313468 0.04101817424480732 0.03910234341254601 
0 0.28858670821556676 0.20840337643256554 0.03244928213266226 0.05483607145456167 
0 0.2970816997381357 0.27178961497086745 0.04009377039395846 0.040265725209162787 
0 0.48706384805532604 0.34618716973524827 0.048761807955228366 0.059048909407395586 
0 0.42019246174738956 0.46515550980201137 0.07606579707219051 0.0758215464078463 
0 0.8748737481924204 0.5695051413315994 0.06689790578988883 0.0675650376539964 
0 0.3093273089482234 0.4849220422598032 0.1204072512113131 0.087646851172814 
0 0.4103768238654503 0.5463989147773156 0.13681892248300406 0.12637670223529524 
0 0.5745027432074914 0.583873987197876 0.02038409159733699 0.02218286807720478 
0 0.6935893205495981 0.6794835237356333 0.0317999766423152 0.04410604330209585 
0 0.17475788639141962 0.6200423057262714 0.2345689214192904 0.18480399938730094 
0 0.03436880902602123 0.7977326833284818 0.03067594193495237 0.03727260002723107 
