0 0.8382635483374963 0.3600025910597581 0.03983725034273588 0.031793961158165567 
0 0.7372711255000188 0.39281872602609486 0.02742422544039213 0.048456742213322565 
0 0.7178998360267053 0.450255797459529 0.0385896242581881 0.033070931067833535 
0 0.501557863675631 0.49145927795997035 0.04520761049710787 0.05004666401789738 
0 0.5542697356297419 0.6113205322852502 0.07330978833712064 0.06218580099252554 
0 0.048402716334049516 0.6417066133939303 0.06432308829747714 0.055550795335036054 
0 0.6703156324533316 0.645760701252864 0.12158503899207482 0.06687189982487605 
0 0.5517085698934702 0.6879534354576697 0.133573422065148 0.10210037231445312 
0 0.36913715876065767 0.6987442603478065 0.019326466780442458 0.018482208251953125 
0 0.22561959119943473 0.769905897287222 0.028524142045241136 0.03809518080491286 
0 0.7932300567626953 0.7904306191664475 0.23445774958683893 0.1439802463238056 
0 0.915529911334698 0.9753532776465783 0.028418614314152643 0.031606160677396335 
