0 0.8500234530522273 0.15566799273857704 0.04323907998891977 0.03576390559856708 
0 0.7543343030489408 0.20034988109882063 0.03312771136944111 0.050260030306302585 
0 0.7424473762512207 0.2584855006291316 0.04217243194580078 0.036837064302884616 
0 0.5337869204007663 0.32600467938643235 0.05083516927865835 0.05406308174133301 
0 0.6010536047128531 0.43544741777273327 0.08003528301532452 0.06936282377976638 
0 0.10480725535979638 0.529401265657865 0.07034914768659152 0.0618134278517503 
0 0.7201290130615234 0.4540278361393855 0.12815123337965745 0.08004408616286057 
0 0.6082121592301589 0.5100432726053091 0.1444099499629094 0.1155692247244028 
0 0.4290906832768367 0.5437815556159387 0.02136369851919321 0.020301121931809645 
0 0.29621113263643706 0.6310487527113694 0.03289956312913161 0.040401385380671576 
0 0.8599334496718186 0.5785622229942908 0.24902086991530198 0.1688546400803786 
0 0.9941165629201211 0.7421862895672138 0.011766873586636323 0.034125914940467246 
