0 0.9615510427034818 0.4199212697836069 0.029131302466759317 0.04268950682419997 
0 0.5413352709550124 0.4664563582493709 0.43733871900118315 0.21824099467350885 
0 0.20303995792682356 0.5088262557983398 0.05189294081467848 0.03655389639047476 
0 0.8022952446570764 0.45961968715374285 0.025164677546574518 0.029528434459979717 
0 0.8298914249126728 0.45675376745370716 0.019313665536733773 0.0232544678908128 
0 0.09064584741225609 0.539315572151771 0.05114951042028574 0.029393819662240837 
0 0.13122462309323824 0.5725922584533691 0.26244924618647647 0.29624300736647385 
0 0.2944522545887874 0.5832856801839975 0.07960944909315842 0.10317835441002479 
0 0.7225724550393912 0.6256723587329571 0.33295385654156023 0.21448337114774263 
0 0.3926078356229342 0.6715194261991061 0.3754752966073843 0.2358982379619892 
