0 0.5969887696779691 0.3419335255256066 0.09498460476215069 0.06094686801616962 
0 0.5008787742027869 0.37057146659264195 0.06705328134390023 0.07356027456430289 
0 0.666268568772536 0.38748933718754697 0.08181058443509616 0.07388940224280724 
0 0.7957850236159104 0.42434213711665225 0.05481793330265926 0.06446306522075947 
0 0.6737822202535776 0.4314789588634784 0.5467209082383376 0.12396764755249023 
0 0.22577658066382775 0.4458868686969464 0.07078255139864408 0.057465626643254206 
0 0.30369539444263166 0.4500365990858812 0.08755293259253868 0.09460735321044922 
0 0.8806265317476712 0.44011271916902983 0.062652587890625 0.0528721809387207 
0 0.3696474478794978 0.4603408666757437 0.09423391635601337 0.09328563396747296 
0 0.6165242011730487 0.45630651253920335 0.07606825461754432 0.05317141459538387 
0 0.40479700381939226 0.4742759924668532 0.07451182145338792 0.04137105208176833 
0 0.009232115287047166 0.48652438017038196 0.018464230574094333 0.0734405884375939 
0 0.16210613800929144 0.4870484242072472 0.08701575719393216 0.06518118198101337 
0 0.9853231722059158 0.4737834930419922 0.02935365501504678 0.06106648078331581 
0 0.46959550564105695 0.4949093231788048 0.030400936420147236 0.04921142871563251 
0 0.8548157031719501 0.49662083845872146 0.11932108952448918 0.07178460634671725 
0 0.285156426521448 0.5372925721682035 0.5049709310898414 0.1142122928912823 
0 0.5629699963789719 0.5369838934678298 0.05744732343233549 0.06158029116117037 
0 0.7093359873845027 0.5410789526425875 0.10024349506084736 0.05518131989699144 
0 0.4142431295835055 0.5506044351137601 0.1293029418358436 0.10436281791100135 
0 0.8217100730309119 0.7416956241314228 0.07776040297288161 0.14586375309870794 
