0 0.574588078718919 0.4253403406876784 0.10282494471623348 0.07535725373488206 
0 0.4922051429748535 0.4735397558945876 0.08027913020207332 0.0793469502375676 
0 0.6506329683157114 0.4478757748237023 0.09395254575289212 0.08322778114905724 
0 0.7806379244877741 0.4482022982377272 0.06671986213097206 0.0685725212097168 
0 0.6687075174771823 0.48410727427555966 0.5347164594210111 0.23949498396653396 
0 0.2547193490541898 0.60574432519766 0.07965975541334885 0.06647366743821365 
0 0.32839669631077695 0.5903476018172044 0.10445901063772348 0.1023702988257775 
0 0.8636929438664362 0.4411736818460318 0.0710157247690054 0.06055725537813627 
0 0.3924679756164551 0.583192201761099 0.11027893653282753 0.10286778670090896 
0 0.6215819578904372 0.5195422906142014 0.08344591580904447 0.06408537351168118 
0 0.42874006124643177 0.5866844287285438 0.0790404539841872 0.053600347959078275 
0 0.04294638794202071 0.6989404604985163 0.07530695887712333 0.07793565896841195 
0 0.20572705452258772 0.6568750234750601 0.09655275711646447 0.07703986534705529 
0 0.9744764473289251 0.4361447004171518 0.05104710476902815 0.07676847164447491 
0 0.4943354863386888 0.5887474646935096 0.04039210539597731 0.049556805537297174 
0 0.8538541060227615 0.49635751430804914 0.12796680743877703 0.09057331085205078 
0 0.3330745972119845 0.670364288183359 0.4938104519477257 0.22095889311570388 
0 0.5919643548818735 0.6023993308727558 0.06841527498685397 0.06674513450035682 
0 0.7294319226191595 0.5702759669377253 0.10621591714712289 0.0717023702768179 
0 0.45675453772911656 0.6504265528458816 0.14536505479079026 0.12090642635638897 
0 0.884670954484206 0.7164781276996319 0.10835068042461689 0.1438760023850661 
