0 0.6481020083794227 0.5558165586911715 0.09805169472327599 0.06459804681631234 
0 0.5511068747593806 0.5679877537947434 0.07213698900662936 0.07313262499295749 
0 0.7093469913189228 0.606678687609159 0.08649723346416767 0.07492854044987605 
0 0.8301719885606033 0.6582415287311261 0.0593874271099384 0.06368776468130258 
0 0.7108732920426589 0.6473721174093393 0.5426941284766564 0.16730759694026068 
0 0.2743430412732638 0.5968293960277851 0.07421964865464431 0.05900078553419847 
0 0.3493940280033992 0.6116157311659592 0.09405297499436599 0.09419096433199368 
0 0.9104167864872859 0.684478026169997 0.06588664421668419 0.05403342613807091 
0 0.4120289178994986 0.630249573634221 0.10041372592632587 0.09367803426889273 
0 0.6520704489487869 0.6616195531991812 0.07894156529353215 0.05566626328688402 
0 0.44430431952843297 0.6477868740375226 0.07630230830265926 0.04486905611478365 
0 0.03796682965296965 0.5996699699988732 0.06691502493161422 0.0724795414851262 
0 0.20717903283926156 0.6248821111825796 0.09071892958420974 0.06760626572829026 
0 0.9951910971162411 0.7346885387714093 0.009617805194396239 0.06525113032414363 
0 0.5044668270991399 0.675562124985915 0.034221795889047474 0.04745674133300781 
0 0.8779724194453313 0.7317237854003906 0.12271727048433743 0.07684150108924279 
0 0.31997633897341216 0.6875917544731727 0.5012239859654353 0.15427094239455003 
0 0.5895437827477088 0.7267045607933631 0.06166502145620493 0.061355957618126504 
0 0.7310075393089881 0.7511465732867901 0.10260677337646484 0.059934102571927585 
0 0.4434686257289006 0.7178868147043082 0.13552309916569635 0.10722754551814152 
0 0.813746268932636 0.9390508943738846 0.08944386702317458 0.12189821067910928 
