0 0.5387803591214694 0.42455748411325306 0.09338327554556039 0.051955919999342695 
0 0.4432348654820369 0.4453944976513202 0.06582733301016 0.06274300355177659 
0 0.6054800840524527 0.4659993281731239 0.08036444737361027 0.06301326018113357 
0 0.7317591447096604 0.5022674340468186 0.053802196796123795 0.05498644021841196 
0 0.6114320571605976 0.5037990900186392 0.5382127395043006 0.10542425742516151 
0 0.16996708741554847 0.4993599194746751 0.06955156876490666 0.04900180376493014 
0 0.24652983592106745 0.5058086101825421 0.08595672020545372 0.08069405188927284 
0 0.8147547428424542 0.5188862360440768 0.06155666938194862 0.04508671393761268 
0 0.3111111567570613 0.5170598213489239 0.09254264831542969 0.07956105012160081 
0 0.5542554121751052 0.5228368869194617 0.07477217454176682 0.04533235843365009 
0 0.34525299072265625 0.5302576468541071 0.07327571282019982 0.035260677337646484 
0 0.10594220574085529 0.532089691895705 0.08551951096608089 0.055576141063983626 
0 0.9511576431015363 0.5528390590961163 0.0976847132238058 0.05205411177415114 
0 0.40835972932668835 0.5502755641937256 0.02979560998769907 0.04198518166175255 
0 0.7874930088336651 0.5661188822526199 0.11732431558462289 0.061189468090350814 
0 0.23698672881493202 0.5795379418593186 0.47397345762986404 0.09712710747352013 
0 0.49889118854816145 0.5896478799673227 0.056401582864614636 0.05252368633563702 
0 0.642831380550678 0.5986056694617639 0.09858201100276066 0.04703066899226262 
0 0.3520455818909865 0.5957117080688477 0.12705610348628119 0.08899116516113281 
0 0.7468606508695163 0.7739097155057467 0.07614942697378305 0.12445391141451322 
