0 0.2961539671971248 0.5004696295811579 0.10705452698927659 0.06715917587280273 
0 0.40117876346294695 0.5091429123511682 0.07955543811504658 0.07461885305551383 
0 0.23160055967477652 0.5531560274270865 0.09499626893263596 0.07690895520723783 
0 0.10278083727909969 0.6086380848517785 0.06560279772831844 0.06485722615168645 
0 0.26224317917456996 0.5936361092787522 0.5244863583491399 0.18444024599515474 
0 0.7006769547095666 0.5280422247373141 0.08134805239163913 0.060782395876370944 
0 0.6201412677764893 0.5453761907724234 0.10368930376493014 0.0961466569166917 
0 0.02655927951519306 0.6375300700847919 0.05311855903038612 0.05558930910550631 
0 0.5531183756314791 0.5660949303553655 0.1104878645676833 0.09587298906766452 
0 0.2950555452933678 0.6057177690359262 0.0863031790806697 0.05767125349778395 
0 0.5188206159151517 0.5846544229067289 0.08314051994910607 0.046945975377009466 
0 0.9558143248924842 0.522534443781926 0.07394064389742337 0.07378600193903996 
0 0.773991584777832 0.5535439527951754 0.09929187481219952 0.0698539660527156 
0 0.4547405426318829 0.6143673383272611 0.03813732587374174 0.04796336247370793 
0 0.060172466131357044 0.6833223562974197 0.12034493226271409 0.08010915609506461 
0 0.6541692110208365 0.6198167250706599 0.5417822691110464 0.17009834142831656 
0 0.3644806421720065 0.6681720660283015 0.06797049595759465 0.06264429826002854 
0 0.2125755365078266 0.6974386802086463 0.11178986842815693 0.06273343012883113 
0 0.521831567470844 0.6542646334721491 0.14852344072782075 0.1104886715228741 
0 0.12921697818315947 0.8957223892211914 0.10015499591827393 0.14049324622521034 
