0 0.18996765063359186 0.6215952543111948 0.039318194756141074 0.055269938248854414 
0 0.06630911735387948 0.6776956594907321 0.13261823470775896 0.15671653013962966 
0 0.23030366347386286 0.6667933830848107 0.06145002291752742 0.04410230196439303 
0 0.28773622329418475 0.687130304483267 0.07172681735112117 0.04277221973125751 
0 0.4890886820279635 0.7002691122201773 0.05615916618934044 0.04350955669696514 
0 0.29322441724630505 0.7324076065650353 0.037287033521212064 0.027748768146221455 
0 0.4027538299560547 0.729061823624831 0.09853531764103816 0.05942205282358023 
0 0.25155682747180647 0.7536472173837515 0.056159184529231146 0.04350955669696514 
0 0.6450116267571082 0.7146724554208609 0.16670634196354792 0.062095935528094955 
0 0.09008304889385517 0.7819333810072678 0.04669844187222994 0.03004345527062049 
0 0.16654469416691706 0.7822917791513296 0.07019347410935622 0.09470660869891827 
0 0.3336635736318735 0.7673958264864408 0.08454594245323768 0.05165188129131611 
0 0.9825795612369592 0.6934606111966647 0.03484087695295994 0.0510557614839994 
0 0.01850444422318385 0.8209358728848971 0.0370088884463677 0.14146225269024187 
0 0.4591641609485333 0.7852070881770208 0.09721260804396409 0.059273939866286054 
0 0.17442275010622466 0.8362248494074895 0.03469094863304725 0.03862351637620192 
0 0.9565482139587402 0.7741086666400616 0.045223309443547174 0.02863766596867488 
0 0.41789570221534145 0.8650418795072116 0.05590361815232497 0.05216539823091947 
0 0.6450432263887845 0.8587190554692194 0.025485698993389424 0.016501720135028545 
0 0.9504861831665039 0.834702308361347 0.05569736774151142 0.0719922139094426 
0 0.550314738200261 0.8846276356623723 0.22513906772320086 0.22123835637019232 
0 0.7878422003525954 0.8643943346463717 0.05208800389216496 0.052978515625 
0 0.7329474962674655 0.8871156252347506 0.11435406024639423 0.08228463392991286 
0 0.7006375606243427 0.9302530655494103 0.040542235741248496 0.033075846158541165 
