0 0.8666386971106896 0.5351593494415283 0.03530531663161058 0.0621941273029034 
0 0.963717753927295 0.5905279012826773 0.07256449157228836 0.17291641235351562 
0 0.8302267881540152 0.5904351197756253 0.05732279557448167 0.047435797177828275 
0 0.7762087675241324 0.6180920967688928 0.0673509010901818 0.045121413010817304 
0 0.5839563883267916 0.64760710642888 0.05222467275766226 0.04712376227745643 
0 0.7731858766995944 0.6709886697622446 0.03473252516526442 0.029946400569035456 
0 0.6680887295649602 0.6748754794781024 0.09249004950890174 0.06276688208946815 
0 0.8141529743488019 0.6926652468167819 0.05222474611722506 0.04712354219876803 
0 0.4352891261761005 0.6753671719477727 0.15842848557692307 0.06094705141507662 
0 0.9702453246483436 0.714017941401555 0.04373807173508864 0.031962027916541465 
0 0.8970107665428748 0.7198554919316218 0.06323044116680439 0.10636586409348708 
0 0.7361712455749512 0.7144315792964056 0.07932523580697867 0.05463974292461689 
0 0.10019329419502845 0.6754936438340408 0.05272853374481201 0.055939821096567005 
0 0.6168176027444693 0.7439863498394306 0.09121561050415039 0.06268868079552284 
0 0.892125679896428 0.7829594978919396 0.03166470160851112 0.042936471792367786 
0 0.04135910994731463 0.7426670514620267 0.05132511601998256 0.12027901869553786 
0 0.13976288300294143 0.7663857019864596 0.04237955350142259 0.030414654658390924 
0 0.6602946794950045 0.8336431063138522 0.05153802724984976 0.057331085205078125 
0 0.4423693143404447 0.8424179370586689 0.02386474609375 0.01756741450383113 
0 0.14856143181140608 0.8362253996042105 0.050332491214458756 0.08068458850567158 
0 0.5344005364638108 0.8657464247483474 0.20699170919565055 0.244017821091872 
0 0.3058443252856915 0.8591254674471341 0.047798486856313854 0.05856638688307542 
0 0.35955647321847767 0.8815823334913987 0.10666264020479642 0.08852606553297776 
0 0.3926395819737361 0.9293170708876389 0.037617426652174726 0.035979857811560996 
