0 0.08525254863959092 0.5470617367671087 0.03644600739845863 0.061997413635253906 
0 0.010475523196733914 0.577752058322613 0.02095104639346783 0.1747736930847168 
0 0.11315198586537288 0.6063453600956843 0.057721697367154635 0.04882027552678035 
0 0.16211024614480826 0.6420443975008451 0.06753156735346867 0.04708576202392578 
0 0.34595263921297514 0.7028394845815805 0.05269421063936674 0.04826076214130108 
0 0.15769870006121123 0.6934103965759277 0.035006935779864974 0.030746973477877103 
0 0.2599042195540208 0.7148692791278546 0.0927600493797889 0.06543893080491286 
0 0.11462893852820763 0.7073428080632136 0.05269421063936674 0.04826076214130108 
0 0.4874290686387282 0.7545978105985202 0.15762710571289062 0.06700589106633113 
0 0.03120297881273123 0.7195124992957482 0.06240595762546246 0.10617329524113582 
0 0.18783535407139704 0.741419241978572 0.07957863807678223 0.05690581981952374 
0 0.8150133719811072 0.8112248640794021 0.05342938349797176 0.05682167640099159 
0 0.30040379670950085 0.7899600909306452 0.09150317999032828 0.06529903411865234 
0 0.025824906734319832 0.7810061894930326 0.032339210693652816 0.043168801527756914 
0 0.8631767126230093 0.8857282125032865 0.053793833805964544 0.11904283670278695 
0 0.7636703344491812 0.8919386863708496 0.042548106266902044 0.0315863535954402 
0 0.24541271649874175 0.8688273429870605 0.05229513461773212 0.05810862321120042 
0 0.4572424338414119 0.9140113683847281 0.0239715942969689 0.01821312537560096 
0 0.7453421079195462 0.9576009603647085 0.0517421135535607 0.0806582524226262 
0 0.364020430124723 0.8987848573865799 0.2104059916276198 0.20243028465371865 
0 0.5883873976193942 0.953095949613131 0.04864711027878981 0.05911577664888822 
0 0.5327489376068115 0.9600412293982047 0.10741200813880333 0.07991754063046895 
0 0.4937577431018536 0.993788645674403 0.038010780627910905 0.01242270807807262 
