0 0.7623530167799729 0.5342111954322228 0.05154506976787861 0.06567624899057242 
0 0.901684467609112 0.6191372321202204 0.19574429438664362 0.1943035492530236 
0 0.7101721030015212 0.5775275230407715 0.07278361687293419 0.05756356165959285 
0 0.6437529417184683 0.5904617309570312 0.08335472987248348 0.0579075446495643 
0 0.4213044826801007 0.5714065845196064 0.06710624694824219 0.05602425795335036 
0 0.6296497124892014 0.6396815593426044 0.044345782353327826 0.03598235203669621 
0 0.5105228424072266 0.6176973489614633 0.11463121267465445 0.08025844280536358 
0 0.6713945682232196 0.6701542780949519 0.06710639366736779 0.05602425795335036 
0 0.24828831049112174 0.5613334729121282 0.18686901606046236 0.09479984870323768 
0 0.842837407038762 0.728424072265625 0.0546726813683143 0.04004317063551683 
0 0.7591936404888446 0.7160601982703576 0.09129260136530949 0.1130218505859375 
0 0.5791835234715388 0.6716753519498385 0.09847916089571439 0.06957428271953876 
0 0.9303410603449895 0.7860374083885779 0.09624393169696514 0.16228243020864633 
0 0.4388118157019982 0.6704529248751127 0.11321185185359074 0.07987359853891227 
0 0.7409287966214694 0.7744657809917743 0.043613580557016224 0.04713293222280649 
0 0.4696325338803805 0.7657416783846341 0.06842932334313026 0.06520997560941257 
0 0.2224710904634916 0.720831614274245 0.029857158660888672 0.02196612724891076 
0 0.3213806519141564 0.7653296544001653 0.2776346940260667 0.27451207087590146 
0 0.06536287527817947 0.7032840802119329 0.06456307264474723 0.06542271834153396 
0 0.12130098617993869 0.737604911510761 0.13548426444713885 0.10734932239239033 
0 0.1488976157628573 0.7907634515028733 0.04875149176670955 0.042220702538123496 
