0 0.9641386178823618 0.3645457487839919 0.043105052067683294 0.06482967963585487 
0 0.9385108580956092 0.4267567304464487 0.06461048126220703 0.05348898814274715 
0 0.8885723994328425 0.4668692625485934 0.07484788161057693 0.05258519832904522 
0 0.6957247440631573 0.5434620380401611 0.059256553649902344 0.05250905110285832 
0 0.8970395234914926 0.5184153960301325 0.03926915388840895 0.03357421434842623 
0 0.7889307462252103 0.548526195379404 0.10286624615009014 0.07298986728374775 
0 0.9442669061514047 0.5289450241969182 0.05925662700946514 0.052509197821983926 
0 0.5476797544039212 0.6074301279508151 0.1715262486384465 0.08000131753774789 
0 0.9988933341720929 0.5342542024759146 0.0022133310826925132 0.1112523812514085 
0 0.8681917924147385 0.5694166513589712 0.08830539996807392 0.06338093830988957 
0 0.20029131265786979 0.6916594505310059 0.06066775321960449 0.061100079463078424 
0 0.7509317764869103 0.6277502683492807 0.10152780092679538 0.07274491970355694 
0 0.15402626532774705 0.7709214137150691 0.06566257660205548 0.12312096815842849 
0 0.2612499182040875 0.7689954317533053 0.047300063646756686 0.035044156588040866 
0 0.8156706003042368 0.7029195198645959 0.059564443734975964 0.0622869638296274 
0 0.5916573267716628 0.7660428927494929 0.026679809276874248 0.02015986809363732 
0 0.2856890054849478 0.8338419474088229 0.06065071546114408 0.08470645317664513 
0 0.692188574717595 0.7653416853684646 0.24060993928175706 0.2634663215050331 
0 0.4537770381340614 0.8163514870863694 0.05578426214364859 0.06298395303579477 
0 0.5143891481252817 0.82443145605234 0.12024930807260367 0.09978081629826473 
0 0.5591576649592473 0.8619590539198655 0.04288695408747746 0.03979162069467398 
