0 0.566056673343365 0.6516896761380709 0.0995617279639611 0.05236596327561598 
0 0.5534243583679199 0.340171428827139 0.016720038193922777 0.03354435700636644 
0 0.5700182547936072 0.40132823357215297 0.055196395287146933 0.03802204132080078 
0 0.6146047298724835 0.4112823192889874 0.033850449782151446 0.025554656982421875 
0 0.5773916244506836 0.4442120698782114 0.0500177970299354 0.05234953073354868 
0 0.5321738719940186 0.47371767117426944 0.07575302857619065 0.07187920350294846 
0 0.4863560383136456 0.48017083681546724 0.030282314007098857 0.0440362049983098 
0 0.7506850682772123 0.4694923254159781 0.03451354687030499 0.03365406623253456 
0 0.7946084095881536 0.4713470385624812 0.049133594219501205 0.04155041621281551 
0 0.4149928643153264 0.5362682892726018 0.023730021256666917 0.026070484748253457 
0 0.25379361556126523 0.5643582160656269 0.05862263532785269 0.07986872012798603 
0 0.5068183678847092 0.5885739509875958 0.1464217992929312 0.0816631683936486 
0 0.6629339915055495 0.6084600962125338 0.10043030518751878 0.09400419088510367 
0 0.719645830301138 0.6092722415924072 0.05107564192551833 0.04975403272188627 
