0 0.49991756219130296 0.8530125617980957 0.1108852166395921 0.06830794994647686 
0 0.4170961930201604 0.5347885168515719 0.022041504199688252 0.036774818713848405 
0 0.4188569509066068 0.6016929149627686 0.06271626399113582 0.04706107653104342 
0 0.37611642250647914 0.6257326786334698 0.03877118917611929 0.031148103567270134 
0 0.4244702229133019 0.6472687721252441 0.05930478756244366 0.06094059577355018 
0 0.4799938935499925 0.6628375787001389 0.08879507504976712 0.08472479306734525 
0 0.5290449399214524 0.6549627230717585 0.03761023741502028 0.04951337667611929 
0 0.25422807840200573 0.7271777666532077 0.04058071283193735 0.039526866032527044 
0 0.20967806302584135 0.7428387861985427 0.056892138261061445 0.04976874131422777 
0 0.6196040923778827 0.6891487194941595 0.02830655758197491 0.030173888573279746 
0 0.7938348696782038 0.6668763160705566 0.07206528003399189 0.09035147153414212 
0 0.5413610201615554 0.7707434067359338 0.16371737993680513 0.10521221160888672 
0 0.38710605181180513 0.8398178907541128 0.11754270700307992 0.11100570972149189 
0 0.32909830716940075 0.8584421231196477 0.060047424756563626 0.05844387641319862 
