0 0.46492066750159633 0.7516415669367864 0.10344541989839993 0.0587005615234375 
0 0.40429203326885516 0.4523209058321439 0.0191497069138747 0.03371583498441256 
0 0.4022506016951341 0.5144523290487436 0.05799509928776668 0.04120969772338867 
0 0.36053719887366664 0.5345638898702768 0.035727427555964544 0.027428957132192757 
0 0.405030213869535 0.557002067565918 0.05383917001577524 0.05459308624267578 
0 0.45662793746361363 0.574272504219642 0.0810085810147799 0.07554388046264648 
0 0.5034084686866174 0.569472991503202 0.03348218477689303 0.04494942151583158 
0 0.2397567217166607 0.6224159094003531 0.03697305459242601 0.035291084876427285 
0 0.19679768268878645 0.6346653608175424 0.05217827283419096 0.04411018811739408 
0 0.5870775259458102 0.6057952550741342 0.02563164784358098 0.02709040274986854 
0 0.7529277434715858 0.5940323426173284 0.06443089705247146 0.08183072163508488 
0 0.5086332467886118 0.6774669060340295 0.15246728750375602 0.09081136263333835 
0 0.3590647532389714 0.7336494739239032 0.10730532499460074 0.09890937805175781 
0 0.3032264709472656 0.7479600172776443 0.05471185537484976 0.052178456233097956 
