0 0.5139667621025672 0.817510934976431 0.11497398523183969 0.06286100240854117 
0 0.44469932409433216 0.5179561101473295 0.021443733802208535 0.03439052288348858 
0 0.44284712351285493 0.5807282374455378 0.06451647098247822 0.04350750262920673 
0 0.3966931196359488 0.6027091466463529 0.039759122408353366 0.02883595686692458 
0 0.44621445582463193 0.6235476457155668 0.060007462134728067 0.05665790117703951 
0 0.5035853019127479 0.6388843059539795 0.09024363297682542 0.07867831450242263 
0 0.5554638642531174 0.632147844021137 0.03739525721623348 0.0461876575763409 
0 0.2632519556925847 0.6962400949918307 0.04119365031902607 0.03671829517071064 
0 0.21566346975473258 0.7103387025686411 0.05809479493361253 0.04614808009221004 
0 0.6485495934119592 0.6654090881347656 0.028575897216796875 0.02806883591871995 
0 0.8325087840740497 0.6468261572030874 0.07192824437068059 0.08423291719876803 
0 0.5619796606210562 0.74090025975154 0.16948920029860276 0.09692544203538161 
0 0.396382973744319 0.8036426764268142 0.11953005423912635 0.10306615095872146 
0 0.3345165802882268 0.8203423206622784 0.06095706499539889 0.0542905514056866 
