0 0.5478720114781306 0.8083148736220139 0.10995127604557918 0.06981094066913311 
0 0.611854626582219 0.48528520877544695 0.022554544302133415 0.036883060748760514 
0 0.5845557542947623 0.546382738993718 0.06244178918691782 0.04784191571749174 
0 0.5363753392146184 0.5494447488051194 0.038663423978365384 0.031613936791053183 
0 0.5698643464308518 0.5899254358731784 0.0595403817983774 0.061543904818021335 
0 0.6122703002049372 0.6281479138594407 0.08895151431743915 0.08568180524385892 
0 0.6590614318847656 0.6424111586350661 0.038086964533879206 0.04980674156775841 
0 0.3847883664644681 0.5878335879399226 0.04067648374117338 0.039957633385291465 
0 0.3386209744673509 0.5825519011570857 0.05685633879441481 0.050419037158672624 
0 0.7244329085716834 0.712681403526893 0.028451846196101263 0.030453021709735576 
0 0.8881782385019156 0.7684839688814603 0.07284252460186298 0.09095089252178486 
0 0.6200198393601638 0.7521800261277419 0.16246957045335036 0.10739546555739182 
0 0.45376047721275914 0.7472814413217398 0.11771517533522385 0.11228194603553185 
0 0.3944091796875 0.7388103191669171 0.06018777994009165 0.0590815910926232 
