0 0.3748155190394475 0.7071123856764573 0.07321038612952599 0.05225064204289363 
0 0.4702001718374399 0.710052123436561 0.028128990760216348 0.02740170405461238 
0 0.8118426983173077 0.9483800301185021 0.08335803105280949 0.05764961242675781 
0 0.7217794198256272 0.9715180397033691 0.05056080451378456 0.034673030559833236 
0 0.3343000136888944 0.36373321826641375 0.07226098500765286 0.06366318922776443 
0 0.4333836848919208 0.363420321391179 0.03030505547156701 0.041858856494610124 
0 0.47628894219031703 0.36091426702646107 0.06891778799203727 0.05031226231501652 
0 0.3963535748995267 0.3771308752206656 0.04980923579289363 0.04739988767183744 
0 0.5582622381357046 0.38606473115774304 0.03849447690523588 0.043107069455660306 
0 0.6665045664860652 0.3816670271066519 0.06074832035945012 0.05805609776423527 
0 0.6029479320232685 0.3953872460585374 0.04373631110558143 0.033632938678448014 
0 0.3071611661177415 0.443158168059129 0.06312219913189228 0.07382756013136643 
0 0.7248391738304725 0.38890928488511306 0.08242863875169021 0.07805424470167893 
0 0.786655095907358 0.3821765642899733 0.06015491485595703 0.05411320466261644 
0 0.5486293939443735 0.4426549214583177 0.0579986572265625 0.04864806395310622 
0 0.6333126288193923 0.45798123799837553 0.10561202122614934 0.07259871409489559 
0 0.5370989579420823 0.6165005977337177 0.03827667236328125 0.03280074779803936 
0 0.958159850193904 0.5940026686741755 0.033608583303598255 0.03722583330594576 
