0 0.29234946691072905 0.556447854408851 0.0726923942565918 0.05383157730102539 
0 0.38260874381432164 0.5871346730452317 0.027858587411733773 0.028527149787315957 
0 0.6410839924445519 0.9300093650817871 0.08278630330012395 0.059319496154785156 
0 0.5484876449291523 0.9275357906634991 0.0502168582035945 0.035665071927584134 
0 0.21171372670393723 0.8836512932410607 0.026680854650644157 0.02974524864783654 
0 0.351348510155311 0.19352653393378624 0.07163187173696664 0.06607838777395394 
0 0.44606592104985165 0.22196037952716535 0.02989347164447491 0.04394347851092999 
0 0.48775485845712513 0.23184849665715143 0.0684192364032452 0.0518801028911884 
0 0.4068001233614408 0.22523569143735445 0.04934134850135216 0.04931327012869028 
0 0.558886821453388 0.2813575542890109 0.038069725036621094 0.0450435234950139 
0 0.66351318359375 0.3082718115586501 0.06017523545485277 0.060407125032865085 
0 0.5989109369424673 0.30385913298680234 0.043403295370248646 0.034748352490938626 
0 0.30283324535076434 0.2668764866315402 0.06239513250497671 0.0772250432234544 
0 0.7171643330500677 0.33260682912973255 0.08165799654447116 0.0811933370736929 
0 0.7781162261962891 0.3436602995945857 0.05962019700270433 0.056202631730299726 
0 0.5335870522719163 0.3364352813133827 0.057517638573279746 0.050413351792555586 
0 0.6101020116072434 0.37668389540452224 0.10489181371835563 0.07468311603252704 
0 0.4731152057647705 0.5108760687021109 0.037952459775484525 0.03401492192195012 
0 0.8816438454848069 0.6100588761843168 0.033241638770470254 0.03888757412250225 
