0 0.1549937495818505 0.8113471544705905 0.07125690350165734 0.043494004469651446 
0 0.253560497210576 0.8289964382465069 0.026239706919743463 0.02446321340707632 
0 0.1639221769112807 0.45804750002347505 0.06845357784858117 0.05572311694805439 
0 0.26681122413048375 0.472978426859929 0.0263519287109375 0.03941040772658128 
0 0.31171618975125825 0.4770478285275973 0.06690399463360126 0.042134541731614336 
0 0.2263407065318181 0.4811378992520846 0.04663814031160795 0.042131277231069714 
0 0.3930652324969952 0.5150824510134183 0.03503733414870042 0.03941180155827449 
0 0.5060668358435998 0.5272941039158747 0.05684251051682692 0.05164480209350586 
0 0.4380620259505052 0.5313814236567571 0.04219344946054312 0.028542298537034255 
0 0.12396167791806735 0.534148803124061 0.05696489260746883 0.06795083559476413 
0 0.5655392133272611 0.5435907473930945 0.0772410172682542 0.06931286591749924 
0 0.6306998546306903 0.5462981187380277 0.05681191957913912 0.047568284548245944 
0 0.3746651502755972 0.5707977735079252 0.05532352740948017 0.04213267106276292 
0 0.46028544352604794 0.599319861485408 0.1032256346482497 0.059805136460524336 
0 0.3368866443634033 0.7447352042564979 0.03640325252826397 0.02854127150315505 
0 0.777261367210975 0.7867894906264085 0.030653733473557692 0.03397567455585186 
