0 0.23163560720590445 0.6035109666677622 0.06782120924729568 0.04971951704758864 
0 0.3157469676091121 0.6318451441251315 0.02600259047288161 0.026349654564490683 
0 0.556278760616596 0.9485486103938177 0.07723606549776517 0.054787855881911054 
0 0.4699510977818416 0.9462776917677659 0.046849727630615234 0.03294035104604868 
0 0.15602274124438947 0.905789301945613 0.024906653624314528 0.02747521033653846 
0 0.2871231207480797 0.26824021339416504 0.06684965353745681 0.06103365237896259 
0 0.37539390417245716 0.2944925014789288 0.02792020944448618 0.04059146000788762 
0 0.4142489433288574 0.303620668557974 0.06383609771728516 0.04791743938739483 
0 0.3387806782355675 0.29752419545100284 0.04605252926166241 0.04554909926194411 
0 0.48050227532019985 0.34934553733238805 0.035541681142953724 0.04160638955923227 
0 0.5780135484842154 0.3741925679720365 0.05616463147676908 0.055796183072603665 
0 0.5177883735069861 0.37012608234698957 0.04049844008225661 0.032094551966740534 
0 0.24179345827836257 0.33600730162400466 0.05825657110947829 0.07133271143986629 
0 0.6280022767873911 0.39666471114525426 0.07621449690598708 0.07499566444983849 
0 0.6848152234004095 0.406866403726431 0.05564168783334585 0.051912087660569414 
0 0.45684139545147234 0.40022947238041806 0.05367403763991136 0.04656413885263296 
0 0.5281257996192346 0.43739891052246094 0.09785879575289212 0.06897764939528245 
0 0.40023038937495303 0.5613846778869629 0.035417373363788314 0.0314179933988131 
0 0.7809849885793833 0.6529459219712478 0.031033662649301384 0.03591999640831581 
