0 0.26099764383756197 0.6863410289470966 0.06906373684222882 0.05197928502009465 
0 0.34476661682128906 0.7173936550433819 0.026683807373046875 0.027262761042668268 
0 0.17680290112128624 0.9882884390938741 0.025622056080744818 0.023423121239130314 
0 0.3258599317990817 0.34791383376488316 0.06841252400324895 0.06333809632521409 
0 0.413865878031804 0.3769702177781325 0.028997457944429837 0.04165077209472656 
0 0.45267017071063703 0.3872987123636099 0.06503706711989182 0.050051432389479414 
0 0.376984926370474 0.3790334921616774 0.047227639418381914 0.04715912158672626 
0 0.5180189792926495 0.43549216710604155 0.03663011697622446 0.04289029194758488 
0 0.6153503381288968 0.463378722851093 0.05760460633497972 0.05776126568134014 
0 0.5549303018129789 0.45759265239422137 0.041307999537541315 0.03345925991351788 
0 0.2784625291824341 0.41537710336538464 0.06012856043302096 0.07345727773813102 
0 0.6649827223557693 0.4875452151665321 0.07814832834097055 0.07765766290517953 
0 0.721806892981896 0.49945803788992077 0.05697367741511418 0.05383722598736103 
0 0.4928581164433406 0.4864344046666072 0.05486026177039513 0.04839871479914738 
0 0.5634954892672025 0.52609161230234 0.09957401569073017 0.07222036214975211 
0 0.43158918160658616 0.6482802537771372 0.03621956018301157 0.03263290111835186 
0 0.8117894025949332 0.7516337908231295 0.031972371614896335 0.03703850966233473 
