0 0.8068514237037072 0.33164066534775954 0.0774382811326247 0.09164006893451397 
0 0.30557491229130673 0.31573142455174374 0.08806672463050255 0.08805882013761081 
0 0.9993809185062463 0.3539904997898982 0.0012381624143857223 0.08870759377112755 
0 0.4586145327641414 0.3718883441044734 0.13901160313532904 0.1190947752732497 
0 0.9732492152028359 0.44664636025061977 0.05350156902120663 0.13692144247201773 
0 0.8659353989821214 0.4467639372898982 0.08078076289250301 0.10898828506469727 
0 0.6342597557948186 0.4727277939136212 0.16475732509906477 0.15979697154118463 
0 0.48806190490722656 0.5576607630803034 0.23126954298753005 0.21128375713641828 
0 0.92841309767503 0.5792852548452524 0.11810493469238281 0.09977105947641227 
0 0.10779013427404258 0.5887500322782077 0.16295712957015404 0.255126953125 
0 0.7912457906282865 0.6393084709460919 0.10074021266056941 0.1031027940603403 
0 0.2509489334546603 0.6206252941718469 0.12868068768427923 0.16641040948721078 
0 0.8287224402794471 0.7190866470336914 0.06371512779822716 0.12028077932504508 
0 0.4897155028123122 0.7291172834543082 0.2612593724177434 0.18589540628286508 
0 0.7196025848388672 0.8944121874295748 0.19210257897010216 0.1356356694148137 
0 0.24522122969994178 0.880827757028433 0.15972016407893255 0.09733757605919471 
0 0.13385104674559373 0.9364917828486516 0.08437535395989051 0.061423154977651745 
0 0.81536131638747 0.9780893691170675 0.1272864708533654 0.04382126119274359 
0 0.5361317854661208 0.9861728593420523 0.09235917604886569 0.027654280742773645 
0 0.41025579892672026 0.18674406180014977 0.07324695587158203 0.08750997139857365 
0 0.5309101251455454 0.2071566810974708 0.16775094545804536 0.16785756441263053 
0 0.2260828293286837 0.2051668488062345 0.1317753975207989 0.1413509754034189 
