0 0.6937196438129132 0.44460333310640776 0.07614781306340145 0.09188417287973258 
0 0.26607863719646746 0.5143516430488 0.08477662159846379 0.08966288199791542 
0 0.9050498375525842 0.4239046573638916 0.09973452641413762 0.09201486294086163 
0 0.40569452139047474 0.5400155507601224 0.13157316354604867 0.1232605714064378 
0 0.883013651921199 0.5163383667285626 0.11700219374436599 0.13766717910766602 
0 0.7641187447767991 0.5400456648606521 0.08094516167273888 0.10814358637883113 
0 0.9653302704772124 0.5326178440680871 0.06933945847245362 0.14750051498413086 
0 0.5723575628720797 0.6027781963348389 0.15804433822631836 0.16320378963763899 
0 0.46344995498657227 0.7051122738764837 0.22037762861985427 0.21713484250582182 
0 0.8404658024127667 0.6508427950052115 0.11162603818453275 0.10342630973229042 
0 0.14665824174880981 0.7975292205810547 0.16726646973536566 0.25052818885216344 
0 0.7348136535057654 0.7288564168489896 0.0972441893357497 0.10474300384521484 
0 0.2736131319632897 0.8026285171508789 0.1281300141261174 0.16565630986140326 
0 0.7806602991544284 0.7955792500422552 0.06771535139817458 0.11679766728327824 
0 0.49512261610764724 0.86177946971013 0.24300135098970854 0.1968383055466872 
0 0.9808973531023815 0.852559126340426 0.03820529322211559 0.09695001748891977 
0 0.7191354311429538 0.9512675724063928 0.1785587897667518 0.09746485461409275 
0 0.3146985127375676 0.9945444692499362 0.14671875880314753 0.010911060927005915 
0 0.3320226027415349 0.37867459884056676 0.07211998792795035 0.08767278377826397 
0 0.4378811579484206 0.3770664013349093 0.16149751956646258 0.17090296745300293 
0 0.17918848991394043 0.4265146989088792 0.12793368559617263 0.14296414301945612 
