0 0.6284222786243145 0.3446478293492244 0.07668220079862155 0.09589910507202148 
0 0.15446230998406044 0.31605949768653285 0.08657339903024527 0.09248575797447792 
0 0.8592184506929837 0.37358980912428635 0.10312960698054387 0.09358002589299129 
0 0.2971568382703341 0.3775043487548828 0.13587410633380598 0.12556934356689453 
0 0.8127053700960599 0.4676988675044133 0.11815753349891076 0.14337796431321365 
0 0.6798595648545486 0.46439367074232835 0.08051703526423527 0.11377646372868465 
0 0.9108396676870493 0.508404383292565 0.09377611600435697 0.15667904340303862 
0 0.4595064933483417 0.4854179345644437 0.16176975690401518 0.16795140046339768 
0 0.3177740482183603 0.5691272295438327 0.22656534268305853 0.2223943563608023 
0 0.7338297917292669 0.6021010875701904 0.11538402850811298 0.10523550327007587 
0 0.019220718970665567 0.5917901992797852 0.03844143794133113 0.26569542518028844 
0 0.6016207474928635 0.6604329989506648 0.09912490844726562 0.10822787651648888 
0 0.09082677387274228 0.6280414507939265 0.12797813002879804 0.17385211357703576 
0 0.6339830618638259 0.7433298551119291 0.06485227438119742 0.12494219266451322 
0 0.31263720989227295 0.7453601176922138 0.2538759708404541 0.19708567399245042 
0 0.8710761437049279 0.861658683189979 0.11234151400052585 0.09825589106633113 
0 0.5238205102773813 0.9208338810847356 0.1866323030911959 0.14383668165940505 
0 0.07625802663656381 0.8952913284301758 0.15251605327312762 0.10375815171461839 
0 0.004319913685321808 0.9497736050532415 0.008639827370643616 0.06507279322697566 
0 0.6102380569164569 0.9925861724007589 0.12380354221050556 0.014827654625360783 
0 0.345919132232666 0.99768198439135 0.08948839627779447 0.0046360306441783905 
0 0.2586108079323402 0.18606526118058425 0.07256432679983285 0.09155986859248234 
0 0.37204195902897763 0.20998769540053147 0.16491119678203875 0.17629311634944037 
0 0.08352549374103546 0.2004999747643104 0.1299167390053089 0.14822222636296198 
