0 0.7325243583092322 0.31445663708906907 0.09195987994854267 0.09972669528080867 
0 0.2362758104617779 0.2060476541519165 0.10178384414085975 0.09838040058429424 
0 0.9563499229172101 0.3811498421889085 0.08730015359245814 0.10225582122802734 
0 0.3789234528174767 0.28759235602158767 0.15721761263333833 0.13677270595843977 
0 0.9111584516671988 0.4602141563708966 0.14113169450026292 0.14971347955557016 
0 0.7714633941650391 0.43418585337125337 0.09824782151442307 0.11649157450749324 
0 0.9753426770464733 0.5148583192091721 0.049314645333932 0.15743248279278094 
0 0.5363594018496 0.4155465272756723 0.18956334774310774 0.17945091540996844 
0 0.3761631708878737 0.4685214666219858 0.26383506334744966 0.239778628716102 
0 0.8107769305889423 0.5709780362936167 0.1333285111647386 0.11488866806030273 
0 0.04720193147659302 0.42704011843754697 0.09440386295318604 0.2678079238304725 
0 0.6638708114624023 0.602110532613901 0.11684197645920974 0.11474455319918118 
0 0.12925838048641497 0.4838126255915715 0.15525791278252235 0.1788644790649414 
0 0.6874032754164475 0.6844345239492563 0.08343351804293118 0.123809814453125 
0 0.3482072353363037 0.6307528569148138 0.2889088483957144 0.22176023629995492 
0 0.9223421170161321 0.8349520976726825 0.12926989335280198 0.10807367471548227 
0 0.5485098912165716 0.8296834872319148 0.21225078289325422 0.1620801045344426 
0 0.08276634949904221 0.7284804124098557 0.16553269899808443 0.12039874150202824 
0 0.002465719500413308 0.7603020301231971 0.004931439000826616 0.07290928180401142 
0 0.6250986686119666 0.947310374190028 0.14126249460073617 0.10537925104682262 
0 0.34731963964609 0.8969969015855056 0.100982666015625 0.07221053196833684 
0 0.36275001672598034 0.10373348456162673 0.0871262917151818 0.09510117310744065 
0 0.47933103488041806 0.1454881658920875 0.19390051181499773 0.1875095825928908 
0 0.17623448371887207 0.08682178791898948 0.15396033800565279 0.15612768611082664 
