0 0.6571969985961914 0.278751776768611 0.07344700739933895 0.08700825617863582 
0 0.16261433638059175 0.2827819219002357 0.08406850007864144 0.08315286269554725 
0 0.8991170296302209 0.2910021726901715 0.10135195805476262 0.08320315067584698 
0 0.31532235328967756 0.33156429804288423 0.13336652975815994 0.11179597561176007 
0 0.8575585071857159 0.38309942759000337 0.11349186530480018 0.12987433947049654 
0 0.7192714030926044 0.3886836125300481 0.07616901397705078 0.10385696704571064 
0 0.9594949940935924 0.41518016961904675 0.08101001123969372 0.14404700352595404 
0 0.49180137194119966 0.42302705691410947 0.1574428264911358 0.1507292894216684 
0 0.3505451037333562 0.5115280701563909 0.22143805944002593 0.19884685369638297 
0 0.7852713144742526 0.5154447738940899 0.1133561501136193 0.09360163028423603 
0 0.026514261960983276 0.5566607255202073 0.05302852392196655 0.24398656991811898 
0 0.6520840938274677 0.5793089316441462 0.09608730903038612 0.09743767518263596 
0 0.11895088507578923 0.5821558328775259 0.1215755297587468 0.15839763788076547 
0 0.6916831089900091 0.6556247197664701 0.058929149921123795 0.11546567770150992 
0 0.35789690567896915 0.6786185961503249 0.25191954466012806 0.17302670845618615 
0 0.9456232876445239 0.7520410464360163 0.10875342413783073 0.08711660825289212 
0 0.5899870212261493 0.830805228306697 0.1852701627291166 0.12619686126708984 
0 0.12198946796930753 0.8360534081092248 0.15455609560012817 0.08983524029071514 
0 0.02736919201337374 0.8946623068589431 0.05473838402674748 0.057236084571251504 
0 0.6879868874183068 0.932859860933744 0.12263840895432693 0.08715145404522236 
0 0.4127470896794246 0.9427288862375113 0.08927983504075271 0.054668353154109076 
0 0.26148176193237305 0.1529501218062181 0.06944403281578651 0.08311029580923227 
0 0.3810783624649048 0.16814738512039185 0.16013092261094314 0.15850979548234206 
0 0.08057807385921478 0.17808994880089393 0.1254719335299272 0.13379555482130784 
