0 0.7166708065913274 0.13848855403753427 0.030881221477801982 0.040494946333078236 
0 0.7581452222970816 0.18017382346666777 0.05599058591402494 0.06015486900623028 
0 0.6741439379178561 0.16607182301007783 0.04154528104341947 0.06779585434840275 
0 0.7161663128779485 0.18182300604306734 0.03610530266394982 0.038058886161217324 
0 0.9931299134802359 0.26784685941842884 0.013740172466406455 0.06395769119262695 
0 0.3223416988666241 0.4096762767204872 0.17007835094745344 0.19516662450937125 
0 0.07874190807342529 0.3726811225597675 0.15748381614685059 0.2631542132450984 
0 0.6390111262981708 0.5767606038313645 0.20803077404315656 0.2311577063340407 
0 0.6525473961463342 0.5978226661682129 0.05106955308180589 0.06395772787240836 
0 0.4621773866506723 0.5707937937516433 0.11720517965463492 0.1178737420302171 
0 0.17080770089076117 0.5946040520301232 0.12491136330824631 0.1058346674992488 
0 0.7686309997852032 0.7388145555383884 0.3773834155156062 0.5223708883501016 
0 0.11344714348132794 0.6949611810537485 0.07483614408052884 0.12435971773587741 
