0 0.45838293662438023 0.0006824363596164263 0.027413294865534857 0.0013648727192328526 
0 0.12771676136897162 0.9165283349844126 0.11270192953256461 0.08703862703763522 
0 0.15578225942758414 0.9672870269188514 0.036941234882061295 0.0608971669123723 
0 0.059655372913067155 0.9430649095716385 0.11570116189809945 0.11387018028360146 
0 0.4064392860119159 0.01761437035523928 0.05143110568706806 0.03522874071047856 
0 0.4896719822516808 0.029655559704853937 0.03514454914973332 0.059311119409707874 
0 0.44531691991365874 0.02469067504772773 0.033260455498328574 0.0357804733973283 
0 0.1410223887516902 0.013299195812298702 0.045726629403921276 0.026598391624597404 
0 0.7436910592592679 0.40211732570941633 0.15460802958561823 0.18627306131216195 
0 0.9566011106452117 0.4738149459545429 0.08679777813645509 0.25080376404982346 
0 0.3943250546088585 0.4451282757979173 0.19009329722477838 0.21940433062039888 
0 0.3750420350294847 0.4607355778033917 0.045726629403921276 0.061907254732572116 
0 0.5621299560253437 0.5074979525346023 0.10870951872605544 0.10982054930466872 
0 0.8281116210497342 0.6435412810398982 0.11843551122225247 0.09496068954467773 
0 0.19695773491492638 0.6348428451097928 0.31048583984375 0.6922544882847712 
0 0.8505831498366135 0.7649544569162222 0.06301502081064078 0.12490235842191257 
