0 0.897541669698862 0.7899963672344501 0.10277872819166917 0.0679790790264423 
0 0.867611444913424 0.8314990263718826 0.031527152428260215 0.0502931154691256 
0 0.9542327659347882 0.8459339875441331 0.0915344675573019 0.14978981018066406 
0 0.7587413054246169 0.8834176797133225 0.054556773259089544 0.058683615464430586 
0 0.6926226982703576 0.00963550920669849 0.04576536325307993 0.01927101841339698 
0 0.6124831162966214 0.017553590811215915 0.029324861673208382 0.03510718162243183 
0 0.6545886993408203 0.011762412694784312 0.029657950768103965 0.023524825389568623 
0 0.9450593361487756 0.014521094468923716 0.03992476830115685 0.02904218893784743 
0 0.34698241490584153 0.31201225977677566 0.13652968406677246 0.15112585287827712 
0 0.08738554441011868 0.355652038867657 0.17477108882023737 0.20332732567420372 
0 0.6754905810722938 0.3709588050842285 0.16850812618549055 0.17748517256516677 
0 0.6927582300626315 0.385498780470628 0.03992469494159405 0.05059484335092398 
0 0.5122820414029635 0.41345931933476376 0.0974107155433068 0.08795470457810622 
0 0.2511576689206637 0.512538323035607 0.10777418430034931 0.07446120335505559 
0 0.8502726188072791 0.5453398869587824 0.25293364891639125 0.5788444922520564 
0 0.2219185187266423 0.6146572736593393 0.05237581179692195 0.10398420920738807 
