0 0.8414403108450083 0.022618925485473413 0.0310973387498122 0.03795549703332094 
0 0.9426233583631424 0.9433934138371394 0.11475328270059365 0.08822059631347656 
0 0.9052296785207895 0.9754607492628006 0.04229244819054237 0.04907850090127725 
0 0.9683007458941295 0.9648080971091986 0.0633985076386195 0.07038380520848128 
0 0.7733546036940354 0.9867514095340784 0.06911131051870492 0.02649718035872166 
0 0.8889877245976374 0.0599973935347337 0.05747670393723708 0.0556184695317195 
0 0.7978287843557504 0.052037143936524026 0.04073751889742338 0.06431136452234708 
0 0.8440677936260517 0.06439667023145236 0.03712390019343449 0.035137369082524225 
0 0.43818167539743275 0.31025504148923433 0.17356648811927208 0.18132314315209022 
0 0.1345296295789572 0.2933974541150607 0.23619031447630662 0.2443418686206524 
0 0.790164617391733 0.45000485273507923 0.2129209224994366 0.214263732616718 
0 0.8062283075772799 0.46938751294062686 0.05167528299184946 0.05977355516873873 
0 0.5999974837669959 0.45609657581035906 0.12097982259897086 0.10841883145845853 
0 0.2891183633070726 0.4985411533942589 0.13056659698486328 0.09585934418898362 
0 0.8823556164995983 0.6746481930693755 0.23528876642768198 0.6507036132881274 
0 0.2349127989548903 0.5990553452418401 0.0731965578519381 0.11807151941152719 
