0 0.8163598867563101 0.11474486956229576 0.027400383582481973 0.032190827222970814 
0 0.9798234057827637 0.9360216947702261 0.040353187861350864 0.06891037867619441 
0 0.9805546540480393 0.9736209649306077 0.03653291555551382 0.04988530965951773 
0 0.8544089243962214 0.9922840777211465 0.0624395517202524 0.015431843984585542 
0 0.8669173167302058 0.14343578998859113 0.05228262681227464 0.045812240013709433 
0 0.7767542692331167 0.14603491471363947 0.034248718848595254 0.05590791885669415 
0 0.8233720706059382 0.1522419315118056 0.03385785909799429 0.028849482536315918 
0 0.4518009149111234 0.4181944406949557 0.15637401434091422 0.15093011122483474 
0 0.15249198216658372 0.4355859939868634 0.21306575261629546 0.20312320269071138 
0 0.8115185957688552 0.5067393412956824 0.19275195782001203 0.1774564522963304 
0 0.829316652738131 0.5225405509655292 0.045903719388521634 0.050386832310603216 
0 0.6258399486541748 0.5326868020571195 0.1110228391794058 0.08828313534076397 
0 0.32574920470897967 0.6044818438016452 0.12220611939063439 0.0753628657414363 
0 0.920036095696 0.6931863381312444 0.15992780803487852 0.5714416137108436 
0 0.28331560354966384 0.7012023558983436 0.06125373106736403 0.10282538487361027 
