0 0.6930443690373347 0.10864550333756667 0.08670528118426983 0.11922775782071628 
0 0.5499710303086501 0.18822996432964617 0.08311044252835788 0.12781557670006385 
0 0.056079708612882175 0.20132485261330238 0.11215941722576435 0.29709004438840425 
0 0.15401727419633132 0.20967670587392953 0.07361549597520095 0.09422929470355694 
0 0.21320228393261248 0.3335438599953285 0.12023399426386906 0.09886196943429801 
0 0.6206496312068059 0.3811974892249474 0.10228523841271034 0.1430385296161358 
0 0.08329535035703045 0.4413418219639705 0.1652563434237471 0.1479945182800293 
0 0.24838523681347185 0.4529335865607628 0.1332727028773381 0.1213854643014761 
0 0.193689960699815 0.6075262289780837 0.21749391922583947 0.18118895017183745 
0 0.701666208413931 0.6482402177957388 0.07984770261324368 0.15249065252450797 
0 0.905546261714055 0.6491611370673547 0.13096134479229266 0.13123567287738508 
0 0.5763883223900428 0.6754771379324106 0.14739043896014875 0.13527143918550932 
0 0.27995479106903076 0.7630457878112793 0.15860926187955415 0.13054532271165115 
0 0.5312390327453613 0.8657828844510592 0.10153829134427585 0.16776334322415865 
