0 0.6345218695127047 0.03878619120671199 0.10845342049231896 0.07757238241342398 
0 0.5087741705087515 0.11520200280042794 0.10661770747258113 0.1401833433371324 
0 0.053570843659914456 0.2220412974174206 0.10714168731982891 0.32677000761032104 
0 0.12170747610238883 0.20564681750077468 0.09070411095252404 0.10550651183495155 
0 0.20453190345030564 0.31795976712153506 0.1373210778603187 0.11821545087374173 
0 0.61653366455665 0.2939317043011005 0.12841074283306414 0.15850199185884917 
0 0.09733873820648743 0.44741122539226824 0.1911237288552981 0.17438936233520508 
0 0.2627577965076153 0.43003425231346715 0.15453364298893854 0.1426372894873986 
0 0.23908300124681914 0.592677483191857 0.2488662187869732 0.2161579132080078 
0 0.749063675220196 0.5442064175238976 0.10827115865854117 0.16386864735529974 
0 0.9368080724603854 0.5094827505258414 0.12638385450610748 0.1519159170297476 
0 0.6306159496307373 0.5930742483872634 0.17110564158512995 0.15875706305870643 
0 0.3548868252680852 0.7316005413348858 0.18117545201228216 0.15607379033015326 
0 0.6233915549058181 0.7894133054293119 0.13254040938157302 0.1826763153076172 
