0 0.6661637929769663 0.060138899546403154 0.1151881951552171 0.12027779909280631 
0 0.5080217031332163 0.1538528479062594 0.11200915850125827 0.14845158503605768 
0 0.006997443162477934 0.2301005835716541 0.013994886324955868 0.345671309874608 
0 0.0477060262973492 0.22293390677525446 0.0954120525946984 0.11086799548222469 
0 0.13083031544318566 0.3512623218389658 0.1518876552581787 0.12128343948951134 
0 0.6135314611288217 0.35625345890338606 0.1361680030822754 0.16720335300152117 
0 0.048263756128457874 0.4838718267587515 0.09652751225691575 0.17985806098351112 
0 0.18610281210679275 0.4774742860060472 0.1697516808143029 0.14725787823016828 
0 0.1402869468125013 0.6524664071890024 0.2750308576684732 0.22195097116323617 
0 0.7398797181936411 0.6382878560286301 0.1111157490656926 0.1748813849229079 
0 0.9473017177616174 0.6157717888171856 0.10539656390364353 0.15769199224618766 
0 0.5964024066925049 0.6824598862574651 0.18785502360417292 0.16397318473229042 
0 0.2596313770000751 0.8122079555804913 0.20038113227257362 0.16013424213115984 
0 0.5659747673914983 0.8953187282268817 0.1382143680865948 0.19397757603571966 
