0 0.788906610929049 0.04136908971346342 0.08680240924541767 0.08273817942692684 
0 0.6578629200275128 0.11077817128254817 0.08381308042086087 0.154686845265902 
0 0.15309535081569964 0.16463872102590707 0.19981994078709528 0.32927744205181414 
0 0.28625285625457764 0.15320603664104754 0.07338268940265362 0.11457105783315805 
0 0.3475187191596398 0.29732030171614426 0.11737438348623422 0.1220552554497352 
0 0.7330540143526517 0.3362138271331787 0.1025073711688702 0.17350963445810172 
0 0.23013397363516 0.4305435143984281 0.16187154329740083 0.18208008546095628 
0 0.3859981573545016 0.4371658655313345 0.13063463797936073 0.1492447853088379 
0 0.34149057131547195 0.6225588871882513 0.21242719430189866 0.22357295109675482 
0 0.8213068521939791 0.6489108525789701 0.08186039557823768 0.18371824117807242 
0 0.9743684253727014 0.6412298862750714 0.051263148681475565 0.16079044342041016 
0 0.7046516858614408 0.6865493334256686 0.14451921903170073 0.16626915564903846 
0 0.42966206257159895 0.8029850446260892 0.15484270682701698 0.16116479726938102 
0 0.6707339286804199 0.9062311831288613 0.1029195785522461 0.18753763316915587 
