0 0.72499968455388 0.17017291142390326 0.09058064680833083 0.1165614861708421 
0 0.5747445913461539 0.24768303907834566 0.08678582998422477 0.12499004143934983 
0 0.05760269898634691 0.25872623461943406 0.11520539797269382 0.2905046664751493 
0 0.1594930153626662 0.267380402638362 0.07692617636460525 0.09210502184354342 
0 0.2211933135986328 0.3889578672555777 0.12580130650446966 0.09648997967059796 
0 0.6482961177825928 0.4370118838090163 0.10685014724731445 0.1398455179654635 
0 0.08554940957289475 0.4941589648907001 0.1710988191457895 0.14449280958909255 
0 0.25773858107053316 0.5060678995572604 0.13940945038428673 0.11852095677302434 
0 0.19993698596954346 0.6573746387775128 0.22755789756774902 0.176851199223445 
0 0.7324725664578952 0.6989632386427659 0.08329244760366586 0.14918415363018328 
0 0.9388879994646862 0.7005446874178373 0.12222400049750622 0.12818241119384766 
0 0.6010295060964731 0.7252359757056603 0.1541742911705604 0.13208293914794922 
0 0.28994068732628453 0.8100592539860652 0.16595312265249398 0.1274136763352614 
0 0.5531338911790115 0.9115706590505747 0.10599488478440505 0.16407988621638372 
