0 0.2573782939177293 0.6928040431096003 0.09043332246633676 0.08088317284217247 
0 0.34991586208343506 0.7208422880906326 0.13859435228201059 0.10761378361628605 
0 0.21412646770477295 0.7071530635540302 0.0674590881054218 0.08888046558086689 
0 0.44113566325261044 0.024135449757942788 0.10289991818941556 0.048270899515885576 
0 0.44058598004854643 0.14730907862003034 0.11242507054255559 0.06567662495833176 
0 0.9079411580012395 0.24406758638528678 0.11615826533390926 0.09307195590092586 
0 0.8128919234642615 0.31710957563840425 0.10952912844144382 0.07091340651878944 
0 0.025454117701603815 0.233355687214778 0.05090823540320763 0.09183381153987004 
0 0.6220644987546481 0.3675270080566406 0.07079641635601337 0.07805318098801833 
0 0.13137907019028297 0.41442381418668306 0.11596467403265145 0.12696908070490912 
0 0.2485111585030189 0.45482765711270845 0.10938103382404034 0.060997266035813555 
0 0.356214871773353 0.5276867426358737 0.12180508100069486 0.10802114926851712 
0 0.16156037037189191 0.5510894335233248 0.11748236876267654 0.07630025423490085 
0 0.7822801883404071 0.661129694718581 0.13962525587815505 0.10634884467491737 
