0 0.5810439586639404 0.7512084520780123 0.091126405275785 0.07989061795748197 
0 0.4853538366464468 0.7494647319500263 0.13923102158766526 0.10678856189434345 
0 0.6178307900061975 0.7772959195650541 0.06871942373422477 0.08692447955791767 
0 0.6005446177262527 0.08073764580946702 0.10256169392512395 0.0494683705843412 
0 0.5653786475841815 0.19450967128460223 0.11237874397864708 0.06592776225163387 
0 0.09506943707282726 0.14441982140907875 0.11676687231430641 0.09225767392378587 
0 0.16390887590555045 0.2399592949793889 0.1096643117757944 0.07086302683903621 
0 0.9530377386567684 0.4057633876800537 0.09392452211334155 0.09083934930654672 
0 0.32994007147275484 0.3431909542817336 0.07172267253582294 0.07664865713853103 
0 0.7807916494516226 0.5324673285851111 0.11745893038236178 0.12470612159142128 
0 0.6582484061901386 0.5347832716428317 0.10926037568312424 0.06136516424325796 
0 0.5352439880371094 0.5697827889369085 0.12271470289963943 0.10672345528235802 
0 0.7127088400033804 0.6492859767033503 0.11763367286095253 0.07623613797701322 
0 0.09340634942054749 0.5657566877511832 0.14021278803165144 0.10560527214637169 
