0 0.7168045410743127 0.8138430301959698 0.09278920980600211 0.07296584202693059 
0 0.6144808622506949 0.8344186636117789 0.1436474873469426 0.09575565044696514 
0 0.7623006747319148 0.830684991983267 0.06669697394737831 0.08249260829045223 
0 0.5751029528104342 0.15637707710266113 0.10940038240872897 0.040476505572979264 
0 0.5652235654684213 0.2753576315366305 0.11843208166269156 0.05642245366023137 
0 0.056159794330596924 0.3360521426567665 0.11231958866119385 0.0830848767207219 
0 0.1487086506990286 0.4130679644071139 0.1147698714182927 0.06178070948674129 
0 0.9907501292629883 0.38917776254507214 0.01849974090090165 0.082490114065317 
0 0.35053157806396484 0.47495134060199445 0.07134041419396034 0.07160619588998648 
0 0.8765122707073505 0.5543303856482873 0.11693360255314754 0.11642382695124699 
0 0.7465761991647574 0.5851101141709548 0.11548137664794922 0.052042667682354264 
0 0.6240689020890456 0.6478254795074463 0.1250594579256498 0.09737260525043194 
0 0.8323177557725173 0.683939897097074 0.12308274782620944 0.06650037031907302 
0 0.1525769462952247 0.7467511250422552 0.14489818536318266 0.09443737910344051 
