0 0.43868031868567836 0.7100993669950045 0.0839534172644982 0.059087166419396035 
0 0.5353541374206543 0.7203598022460938 0.1306613041804387 0.07672177828275241 
0 0.3977542290320763 0.7276435998769907 0.059136390686035156 0.06823495718149039 
0 0.5182441381307749 0.14086072261516863 0.1008166166452261 0.030604986044076774 
0 0.5368414658766526 0.2413613612835224 0.10863223442664513 0.04393973717322716 
0 0.9817752469904147 0.25668813632084775 0.036449505446048885 0.06673842210036057 
0 0.9346303206223708 0.32901970239786 0.10498707111065204 0.04867170407221867 
0 0.10775149097809425 0.37154547984783465 0.10039418935775757 0.06658029556274414 
0 0.7520644481365497 0.3959357738494873 0.06392280872051533 0.058725833892822266 
0 0.2697858443626991 0.5006699011876032 0.1048135023850661 0.09544647656954251 
0 0.3929157623877892 0.5176556660578802 0.10604550288273738 0.040294793935922474 
0 0.5116738906273475 0.5623301726121169 0.1131898439847506 0.07880548330453727 
0 0.32109884115365833 0.6077829691079947 0.11258154649000901 0.05240700795100285 
0 0.9457575723242301 0.6131098453815167 0.10848485477841817 0.07554443065936749 
