0 0.6610101186312162 0.587777357835036 0.09940169407771184 0.08436760535606971 
0 0.5669762538029597 0.6259946456322303 0.15083665114182693 0.11476729466364934 
0 0.7073874840369592 0.5953335395226111 0.07677283653846154 0.08831244248610276 
0 0.4102466289813702 0.01077759380523975 0.10912675123948318 0.0215551876104795 
0 0.4217266853039081 0.10698828788904044 0.12036884748018704 0.07387802234062782 
0 0.0030965346556443432 0.2584802004007193 0.0061930693112886865 0.09874802369337815 
0 0.053695082664489746 0.3135172220376822 0.10739016532897949 0.07813479350163387 
0 0.891837266775278 0.12791497890765852 0.11783277071439303 0.09646368026733398 
0 0.2519158950218788 0.33492000286395734 0.07917158420269306 0.0791462384737455 
0 0.7678188544053298 0.31334378169133115 0.12960206545316255 0.12885739253117487 
0 0.6492270873143122 0.3662678278409518 0.11684296681330754 0.06929852412297176 
0 0.5433367582467886 0.44799230648921085 0.13379999307485727 0.11281648048987755 
0 0.7484190647418683 0.44387611976036656 0.12648839216965896 0.08401966094970703 
0 0.11076651742825142 0.6279799754802997 0.15176865458488464 0.1137847166794997 
