0 0.4252840005434476 0.9485993017084323 0.09024741099430965 0.10280139601001373 
0 0.4521329769721398 0.11282273439260629 0.011626720428466797 0.023247572091909554 
0 0.7760144747220553 0.16330074805479783 0.04340964097243089 0.06363392793215238 
0 0.9318339274479792 0.1941778934918917 0.018345466026893027 0.028960503064669095 
0 0.8614295079157903 0.25400641331305873 0.0788882328913762 0.04060761745159443 
0 0.8406942807711087 0.2781235713225145 0.017849115224984977 0.020975461372962363 
0 0.5270246175619272 0.2696806834294246 0.020983365865854118 0.03044715294471154 
0 0.35638976097106934 0.3327475694509653 0.02811567599956806 0.04281425476074219 
0 0.28911951872018665 0.38341604746305025 0.052030746753399186 0.09995610897357647 
0 0.09576441462223347 0.5025402032412015 0.10306021341910729 0.14284203602717474 
0 0.08834873483731197 0.6837678322425256 0.041847050189971924 0.07944811307466947 
0 0.625752118917612 0.7445962612445538 0.09704010303203876 0.12789124708909255 
