0 0.4478972324958214 0.9571967123506161 0.1073910273038424 0.08560657472564624 
0 0.6335366689241849 0.2127755513558021 0.014132352975698618 0.022605290779700644 
0 0.31059381595024693 0.17659554573205802 0.04987828548137958 0.06351635089287391 
0 0.15361561225010797 0.16508764487046462 0.021336903938880332 0.028707210834209736 
0 0.2065205482336191 0.23630136709946853 0.08129246418292706 0.04778080720167894 
0 0.22051490270174468 0.26308784118065465 0.019862248347355768 0.021438048436091497 
0 0.5233959234677829 0.33431374109708345 0.024071216583251953 0.030421073620135967 
0 0.9955251032056717 0.18546797679020807 0.00894979301553506 0.03092336654663086 
0 0.6716338304372934 0.43359848169180065 0.03250452188345102 0.042580604553222656 
0 0.7237706917982835 0.4958291787367601 0.06273555755615234 0.09748348822960487 
0 0.8801042116605319 0.6509771530444806 0.11739143958458534 0.1433734527001014 
0 0.8429456490736741 0.8149919509887695 0.050339111915001504 0.07755235525277945 
0 0.3127004916851337 0.7344455718994141 0.1097107667189378 0.12904196519118089 
