0 0.5858369973989633 0.8398330028240497 0.10140815147986779 0.16422792581411508 
0 0.7239748147817758 0.0038598414797049304 0.013222180880033053 0.007719682959409861 
0 0.3913142497722919 0.008659573128590217 0.04783476316011869 0.017319146257180434 
0 0.23001489272484413 0.0002768936459548198 0.02035232690664438 0.0005537872919096396 
0 0.28883443428919864 0.0568628735267199 0.08196755555959848 0.044945210218429565 
0 0.30491959131681 0.08409119798586918 0.01932551310612605 0.021683193170107327 
0 0.6193837936107929 0.1341330913396982 0.0231016966012808 0.031144747367272012 
0 0.77755645605234 0.22694523517902082 0.031087508568396933 0.04370208886953501 
0 0.8349956365732046 0.2885507711997399 0.05890097984900841 0.10111788602975699 
0 0.9743177705945877 0.4399225161625789 0.05136445823770303 0.146423706641564 
0 0.977174722088071 0.6169816714066726 0.045650555250736385 0.08040439165555514 
0 0.4304040028498723 0.5761908017672025 0.10598248701829177 0.13141705439640924 
