0 0.6276584771963266 0.9783537569814004 0.09421876760629508 0.043292485464077726 
0 0.6076341225550725 0.1931843665929941 0.012114928318903996 0.022644574825580303 
0 0.2636775511961717 0.24278291372152475 0.04546024249150203 0.061999816160935625 
0 0.09813564098798312 0.27306244006523717 0.019191714433523323 0.028214803108802207 
0 0.17221268782248864 0.3312077889075646 0.08335268497467041 0.03963756561279297 
0 0.19396614111386812 0.3546572465163011 0.018743423315194938 0.020441862253042366 
0 0.5266830737774189 0.34599544451786923 0.021977644700270433 0.029665616842416618 
0 0.9838579984811636 0.06635074661328243 0.0246887940626878 0.02982091445189256 
0 0.7070190723125751 0.4071520475240854 0.02942804189828726 0.04171331112201397 
0 0.7778618885920598 0.45638429201566255 0.05425555889423077 0.0973663330078125 
0 0.9638699016605432 0.5720820793738732 0.07226019610579197 0.13918187068058893 
0 0.9830082745219653 0.7485015575702374 0.03398345038294792 0.07739037733811599 
0 0.4173500904670128 0.8084776951716497 0.10176522915179913 0.12462087777944711 
