0 0.3685816984910231 0.9252850090941558 0.10184273352989784 0.1494299812385669 
0 0.45087561240563023 0.08474069604506859 0.013272872337928185 0.023460530317746676 
0 0.7785547696627103 0.1574863287118765 0.04807589604304387 0.06505206915048453 
0 0.935783312870906 0.198957975094135 0.02044956500713642 0.02950422580425556 
0 0.8600645065307617 0.2526737451553345 0.08257440420297477 0.04520300718454214 
0 0.8373521658090445 0.27487385272979736 0.01943632272573618 0.021698163105891302 
0 0.5174403740809514 0.24413867180164045 0.02321899854219877 0.031141079389131986 
0 0.33912003957308257 0.2938628380115216 0.031240059779240534 0.043689764462984525 
0 0.26718379901005673 0.338807436136099 0.05913672080406776 0.10101883228008564 
0 0.062098176433489874 0.4419557864849384 0.11361236984913166 0.14643038236177885 
0 0.04303208337380336 0.6193961730370154 0.04750189185142517 0.08032835446871243 
0 0.5881905005528376 0.7175843532268817 0.10655377461360051 0.13144749861497146 
