0 0.08139491310486427 0.41333845945504993 0.023574237640087422 0.04180134259737455 
0 0.1435211942746089 0.4402966866126427 0.10898037140186016 0.062161959134615384 
0 0.20268937257620004 0.5130000481238732 0.08090536410991962 0.09016946645883414 
0 0.31017733537233794 0.4969370181743915 0.0592953425187331 0.0684818854698768 
0 0.37142359293424165 0.5157012389256403 0.04855056909414438 0.035004212306096 
0 0.5713448157677283 0.4918103768275334 0.019856599661020134 0.02734092565683218 
0 0.2262133635007418 0.6092713245978723 0.017018978412334736 0.020461485936091497 
0 0.6594613882211539 0.5005887104914739 0.010400038499098558 0.01134784405048077 
0 0.14465874433517456 0.6451004835275503 0.06435156785524808 0.0465700442974384 
0 0.6308375688699576 0.518067139845628 0.05625361662644606 0.056650601900540866 
0 0.531129580277663 0.5882462171407846 0.06186529306265024 0.08263584283682016 
