0 0.06653597950935364 0.35322383733896107 0.016965999053074762 0.04063078073354868 
0 0.12966823807129493 0.39679604310255784 0.12236066506459163 0.038156949556790866 
0 0.1758239590204679 0.4850928966815655 0.07608565000387338 0.07859288729154147 
0 0.30367976885575515 0.4980803086207463 0.05495971899766188 0.06033747012798603 
0 0.3682384490966797 0.5332612074338473 0.052061301011305586 0.025347086099477913 
0 0.6042645160968487 0.5633732905754676 0.016927425677959736 0.025238807384784404 
0 0.17416252539708063 0.5872352306659405 0.01550452525799091 0.018238140986515924 
0 0.7025586641751803 0.5958595642676721 0.009862019465519832 0.009825192964993991 
0 0.070131133382137 0.6009074908036453 0.06894662517767686 0.03379465983464168 
0 0.6645895150991586 0.6055375429300162 0.05492811936598558 0.0477440540607159 
0 0.5295666547921988 0.6484992320720966 0.05359290196345402 0.07572504190298227 
