0 0.8439124180720403 0.2125704105083759 0.01845829303448017 0.03915691375732422 
0 0.791135311126709 0.25836340280679554 0.11226338606614333 0.04573229643014761 
0 0.7571693200331467 0.3442762815035306 0.07429746481088492 0.07938443697415866 
0 0.6441258283761832 0.36710476875305176 0.05395984649658203 0.06065445679884691 
0 0.589388920710637 0.40522236090440017 0.04851091825045072 0.027919292449951172 
0 0.3812090250161978 0.45306565211369443 0.017164193666898288 0.02486111567570613 
0 0.7670115324167105 0.4390261356647198 0.015321951646071214 0.018240708571213942 
0 0.2961439536168025 0.49151987295884353 0.009600639343261719 0.009953608879676232 
0 0.8609745319073017 0.44297000078054577 0.06426327045147236 0.0371849720294659 
0 0.3308219909667969 0.4973143247457651 0.052901047926682696 0.04895786138681265 
0 0.45484078847444975 0.5258589341090276 0.0540001575763409 0.07482796448927659 
