0 0.953713857067319 0.4358669427724985 0.09257228529224029 0.05026435852050781 
0 0.9161748519310584 0.5166591497567984 0.08897715348463792 0.0847006577711839 
0 0.7783243105961726 0.5148591078244723 0.06462324582613431 0.06465695454524113 
0 0.7057448533865122 0.5418316400968112 0.05808045313908504 0.030262506925142728 
0 0.45063048142653245 0.5444864676548884 0.02055960435133714 0.026396861443152793 
0 0.9073353547316331 0.616342672934899 0.018350601196289062 0.019425208751971904 
0 0.3423143716958853 0.5650212397942176 0.01149738751924955 0.01062624271099384 
0 0.9892551347326773 0.6414189338684082 0.021489729961523645 0.0402983885544997 
0 0.3818453091841478 0.5787399548750657 0.06334851338313176 0.05238632055429312 
0 0.5215340577639066 0.6358495492201585 0.06468064968402569 0.07949983156644382 
