0 0.28649442012493426 0.6683922547560471 0.055488256307748646 0.05685762258676382 
0 0.014044472804436317 0.6910009017357459 0.028088945608872633 0.1335466091449444 
0 0.9877644684165716 0.32935232382554275 0.02447106259373518 0.021042567033034105 
0 0.8981812183673565 0.34455196674053484 0.024580075190617487 0.019059474651630107 
0 0.9396115082960862 0.38465397174541766 0.03326548062838041 0.028025040259728067 
0 0.7819236608651968 0.3707358470329872 0.052043914794921875 0.03857014729426457 
0 0.8961157065171462 0.4343268687908466 0.03737941155066857 0.035007550166203424 
0 0.8480083025418795 0.4375566519223727 0.03206957303560697 0.029105663299560547 
0 0.6355646206782415 0.40700145868154675 0.02078093015230619 0.02860685495229868 
0 0.6476715894845816 0.5003389211801382 0.020569214454064004 0.034912476172814004 
0 0.6662095876840445 0.5516507992377648 0.04532667306753305 0.0400545046879695 
0 0.6063557954934927 0.5463186777555026 0.03642951525174654 0.03739445026104267 
