0 0.6939895336444561 0.8707093825707068 0.05017794095552885 0.06187167534461388 
0 0.958313758413379 0.9597468374726864 0.0833724826001204 0.08050632448150562 
0 0.026355990996727578 0.22267691905681902 0.02248868575462928 0.02035247362576998 
0 0.1683637912456806 0.30198587821080136 0.026737800011268027 0.022339619123018704 
0 0.24588713279137245 0.34470415115356445 0.022488777454082783 0.020352510305551384 
0 0.1966605828358577 0.3764192691216102 0.030340103002694938 0.03011296345637395 
0 0.3418145729945256 0.40628684484041655 0.047691748692439154 0.04103766954862154 
0 0.22041670175699088 0.4427466575915997 0.033942461013793945 0.03788636280940129 
0 0.2624255418777466 0.4599740138420692 0.029160554592426006 0.03143475605891301 
0 0.4615747928619385 0.4873991562769963 0.018480777740478516 0.03159240575937124 
0 0.4223550282991849 0.5852665901184082 0.01801153329702524 0.03886677668644832 
0 0.39017539757948655 0.6356797034923847 0.04126104941734901 0.0431823363670936 
0 0.44528671411367565 0.6469632295461801 0.03294042440561148 0.040696290823129505 
