0 0.32376455343686616 0.6403642067542443 0.04960058285639836 0.05957647470327524 
0 0.05332175126442543 0.6434595034672663 0.10664350252885085 0.141571411719689 
0 0.9402138269864596 0.33920819942767805 0.025469486530010518 0.02258440164419321 
0 0.861507195692796 0.34917057477510893 0.021563309889573317 0.020342533405010518 
0 0.8940277833205003 0.3920975648439847 0.029331500713641826 0.029732960921067458 
0 0.7615274649399978 0.36879968643188477 0.04553714165320763 0.04130987020639273 
0 0.8541144591111404 0.4397126894730788 0.03319344153771034 0.03688141015859751 
0 0.8132211245023288 0.4401548642378587 0.028416266808143027 0.03072529572706956 
0 0.6354534075810359 0.39684605598449707 0.019063729506272536 0.029531148763803337 
0 0.6398239869337815 0.4918165940504808 0.01930970412034255 0.03574246626633864 
0 0.652277029477633 0.5447227037869967 0.04009092771089994 0.04235751812274639 
0 0.6019867200117844 0.5358298008258526 0.03256860146155724 0.03917855482835036 
