0 0.8294242712167593 0.7343639960655799 0.048003856952373795 0.051482860858623795 
0 0.04978477725615868 0.32471361527076137 0.021807996126321647 0.01681991723867563 
0 0.2040991599743183 0.3636617477123554 0.02600237039419321 0.018422603607177734 
0 0.28822723718789905 0.38444873002859264 0.02180790901184082 0.01681991723867563 
0 0.24638538177196795 0.41969117751488316 0.029315966826218825 0.024942728189321663 
0 0.3940437940450815 0.41735190611619216 0.04633261607243465 0.03386952326847957 
0 0.28264136497791 0.4698895307687613 0.03262958159813514 0.0314629628108098 
0 0.32706401898310733 0.47627903864933896 0.028076942150409404 0.02608600029578576 
0 0.5269824358133169 0.46191195341256946 0.01732947276188777 0.026425251593956582 
0 0.5079323328458346 0.5497594063098614 0.01656789046067458 0.03260095302875225 
0 0.4864207231081449 0.5972330020024226 0.0397794796870305 0.035811424255371094 
0 0.5424718490013709 0.5962983461526724 0.0315099129310021 0.033864278059739336 
