0 0.16262668371200562 0.7106713148263785 0.04882204532623291 0.057374000549316406 
0 0.9564641438997709 0.2419432309957651 0.022199410658616286 0.018674923823429987 
0 0.7992149866544284 0.2874063436801617 0.0264740723830003 0.020430289782010592 
0 0.7134856444138747 0.3116902021261362 0.022199484018179085 0.018674960503211387 
0 0.7562585977407602 0.3507953973916861 0.02983518747182993 0.02772797071016752 
0 0.6056749453911414 0.3498223194709191 0.047169942122239336 0.037577372330885664 
0 0.7194344447209284 0.4075692066779503 0.03319637592022236 0.03502578001755934 
0 0.6741527410653921 0.4152414615337665 0.028567680945763223 0.02902830564058744 
0 0.47024059295654297 0.40134763717651367 0.01760123326228215 0.029532359196589544 
0 0.4899269434121939 0.49977819736187273 0.016805758843055137 0.036488826458270736 
0 0.5120040636796218 0.5528454230381892 0.04047815616314228 0.039836773505577676 
0 0.45484238404494065 0.5524236605717585 0.03204683157113882 0.037740120520958535 
