0 0.12055461681806125 0.773231029510498 0.04540790961338924 0.1313628416794997 
0 0.6055702796349158 0.7322443448580228 0.19625120896559495 0.21563339233398438 
0 0.2719263113462008 0.7718078173123873 0.0993659312908466 0.1023257328913762 
0 0.2129752911054171 0.7898692717918983 0.0441744327545166 0.07369107466477615 
0 0.45604289495027983 0.7629119066091684 0.07726893058189979 0.09987515669602615 
0 0.1305463451605577 0.8796754250159631 0.05557255561535175 0.10122123131385216 
0 0.16886950914676374 0.8779860643240122 0.04471453336568979 0.13628908304067758 
0 0.4166634449592003 0.07202867705088395 0.04785724786611704 0.07409951549309951 
0 0.7500142684349647 0.8417028647202712 0.18387288313645583 0.2592879808866061 
0 0.1904381696994488 0.929370219890888 0.04011643849886381 0.05823179391714243 
0 0.5936299103956956 0.8897759364201472 0.14052537771371695 0.18193626403808594 
0 0.3645183306473952 0.09573724636664757 0.060266971588134766 0.07672656499422513 
0 0.2927568784126869 0.11009786679194523 0.020525693893432617 0.03354543905991774 
0 0.38886040907639724 0.1263276797074538 0.029175978440504808 0.06952615884634164 
0 0.27589435760791486 0.15037963023552528 0.02912482848534217 0.09203417484576885 
0 0.2982330047167264 0.16198643354269174 0.024450137065007135 0.047739083950336166 
0 0.3204636390392597 0.16080135565537673 0.02215403776902419 0.03747833692110502 
0 0.251717209815979 0.16842564711203942 0.03835456187908466 0.05303343442770151 
0 0.39608084238492525 0.014779571157235365 0.05583385320810171 0.02955914231447073 
0 0.2352553789432232 0.21250414848327637 0.0342710384955773 0.0488282717191256 
0 0.34285921316880447 0.20825269589057335 0.059974340292123646 0.0854494571685791 
0 0.22709417343139648 0.26462476070110613 0.028826310084416315 0.04322136365450346 
0 0.5764044614938589 0.23228657245635986 0.08210277557373047 0.1341818112593431 
0 0.13827970853218666 0.28215705431424654 0.0205001555956327 0.044799474569467396 
0 0.4828152106358455 0.017812058329582214 0.0648022798391489 0.03562411665916443 
0 0.272865497148954 0.2864366678091196 0.035498619079589844 0.048964427067683294 
0 0.19552580209878775 0.2950139962709867 0.037209419103769154 0.07667090342595027 
0 0.08797891323383038 0.33510998579171986 0.022262023045466497 0.049997953268197864 
0 0.3480740510500394 0.316507311967703 0.06550733859722431 0.1723656837756817 
0 0.5390220605410062 0.3017322375224187 0.052532012646014876 0.11839464994577262 
0 0.6930650931138259 0.325620541205773 0.10041478963998648 0.1812401551466722 
0 0.32899786875798154 0.37111887565025914 0.02917590508094201 0.06952615884634164 
0 0.21846149517939642 0.4064248525179349 0.03937200399545523 0.08566606961763822 
0 0.6404681572547326 0.3685850180112399 0.0857090583214393 0.16835231047410232 
0 0.4379432017986591 0.43842036907489484 0.1040348639855018 0.08908521212064303 
0 0.2564723033171434 0.48415409601651704 0.1361236388866718 0.1977080198434683 
0 0.45951183025653547 0.4898045796614427 0.0894625737116887 0.07746296662550706 
0 0.14671178047473615 0.5385798124166635 0.03712696295518141 0.05289734326876127 
0 0.35004395705003005 0.5352351665496826 0.04174474569467398 0.0621647834777832 
0 0.07532550738408016 0.5682635307312012 0.04682016372680664 0.11025656186617337 
0 0.28959819903740514 0.5509015963627741 0.06521468896132249 0.18108859428992638 
0 0.13222784720934355 0.6131682762732873 0.05218824056478647 0.1496256314791166 
0 0.3137556497867291 0.6032790770897498 0.029843715521005485 0.07585400801438552 
0 0.16137238649221566 0.6304222253652719 0.03696786440335787 0.06288572458120492 
0 0.41711684373708874 0.6059001225691575 0.08818974861731896 0.15737060400155875 
0 0.17794809891627386 0.6580327840951773 0.0395821974827693 0.053169543926532455 
0 0.36991357803344727 0.676434957064115 0.04254612555870643 0.06975819514347957 
0 0.08329409819382888 0.7261478717510517 0.04379927195035494 0.05864025996281551 
0 0.17536517289968637 0.7159367708059458 0.05549009029681866 0.07744752443753757 
