0 0.0076364886302214404 0.7838432238652155 0.015272977260442881 0.14084867330697867 
0 0.5126463083120493 0.8636141556959885 0.2160465533916767 0.2334918975830078 
0 0.15009765441601092 0.8205747971167932 0.10927712000333346 0.11091767824613132 
0 0.08335776053942166 0.824495792388916 0.04903997824742244 0.07936382293701172 
0 0.347031281544612 0.8577931477473333 0.08530679115882286 0.10789064260629508 
0 0.0026588540237683514 0.8971801170935998 0.005317708047536703 0.108917236328125 
0 0.020337804005696222 0.9050957973186786 0.040675608011392445 0.14608551905705378 
0 0.47272438269395095 0.1286048568212069 0.053035039168137774 0.07986830748044528 
0 0.638940847837008 0.937069672661332 0.2033524880042443 0.12586065410421446 
0 0.02572411957841653 0.9640344839829665 0.044393462057297044 0.06281243837796725 
0 0.46185555824866664 0.9631660900150354 0.15514835944542518 0.0736678193968076 
0 0.41181657864497256 0.14012295007705688 0.06651713297917293 0.08290124856508695 
0 0.33242091765770543 0.13695726944850042 0.02277509982769306 0.036135618503277116 
0 0.43015841337350696 0.17811431334568903 0.03272925890409029 0.07464330012981708 
0 0.30482439811413103 0.17463590548588678 0.03304061522850624 0.09862947463989258 
0 0.32564515333909255 0.19235851214482233 0.02725645212026743 0.051335701575646035 
0 0.34945020308861363 0.19673681259155273 0.024602633256178636 0.04035751636211689 
0 0.274875860947829 0.18731936124654916 0.04240069022545448 0.05723929405212402 
0 0.46683480189396787 0.05513874957194695 0.06121914203350361 0.05030308090723478 
0 0.24678356830890363 0.2290517550248366 0.03790991122906025 0.05268104259784405 
0 0.3616485228905311 0.2517899183126596 0.06634228046123798 0.09219184288611779 
0 0.225524535545936 0.2812519073486328 0.0319220836345966 0.04660338621873122 
0 0.6028965803293082 0.33576801190009486 0.09110061938946064 0.14454245567321777 
0 0.1273199961735652 0.27708311264331525 0.02293084217951848 0.04812869658836952 
0 0.5590611237746018 0.07501804370146531 0.07119237459622897 0.0675271015900832 
0 0.2686629570447482 0.3155140418272752 0.03924155235290527 0.05284920105567345 
0 0.1847668427687425 0.30491944459768444 0.04154564784123348 0.08240857491126427 
0 0.061279468811475314 0.31951176203214204 0.024923558418567363 0.05370187759399414 
0 0.3409428046299861 0.36580533247727615 0.07375038587130033 0.1849236121544471 
0 0.5465275874504676 0.39862768466656023 0.05881922061626728 0.12716205303485578 
0 0.7037046139056866 0.46238426061776966 0.11169859079214242 0.1950373282799354 
0 0.30753331917982835 0.41784319510826695 0.03272925890409029 0.07464328178992638 
0 0.18204363492818978 0.4266942280989427 0.04403420595022348 0.09203547697800857 
0 0.6376545245830829 0.4938347523029034 0.09556256807767428 0.18102616530198318 
0 0.40648513573866624 0.5154105333181528 0.11411765905526969 0.0968946310190054 
0 0.20342724598371065 0.517210263472337 0.15063835107363188 0.2132585232074444 
0 0.416856050491333 0.5743492383223313 0.09814706215491661 0.08423486122718224 
0 0.07412692445975083 0.5461618533501258 0.041069044516636774 0.05707113559429462 
0 0.2900442343491774 0.5940102613889254 0.04622092613807091 0.06703439125647911 
0 0.008833424403117253 0.5590430223024808 0.017666848806234505 0.11838190372173603 
0 0.22230317959418663 0.5950605685894306 0.07357551501347469 0.1942141606257512 
0 0.04073662941272442 0.6201561047480657 0.05895574276263897 0.16043875767634466 
0 0.23517213417933538 0.6556868553161621 0.03355552599980281 0.08139955080472507 
0 0.06738948363524216 0.6454757910508376 0.04105946650871864 0.06771300389216496 
0 0.34388407377096325 0.6845085987677941 0.09807041975168082 0.16936951417189378 
0 0.07823696503272423 0.6784043678870568 0.043732404708862305 0.057407525869516224 
0 0.2768615300838764 0.7460229213421161 0.04721250900855431 0.07514198009784405 
0 0.0614783580486591 0.7380334780766413 0.0613556641798753 0.08357994373028095 
