0 0.15745750757364127 0.6249206616328313 0.0355844314281757 0.1239626224224384 
0 0.665454809482281 0.6294586658477783 0.1874849979694073 0.19225072860717773 
0 0.3149391229336078 0.6372089202587421 0.09558327381427471 0.09065411641047551 
0 0.25197227184589094 0.6491657220400296 0.0397944817176232 0.06781346981342022 
0 0.5071569956265963 0.6453035427973821 0.07238468757042518 0.09030305422269382 
0 0.1578946984731234 0.7276160533611591 0.0492476408298199 0.09361890646127555 
0 0.19788895203517035 0.729455984555758 0.0343778133392334 0.12883252363938552 
0 0.530797499876756 0.007493351514522846 0.04366093415480394 0.014986703029045692 
0 0.805371357844426 0.7471600679250864 0.1701814211331881 0.23598164778489333 
0 0.21550651697012094 0.780540392949031 0.036970285268930286 0.053106454702524036 
0 0.6383189788231483 0.7790318268996018 0.13161402482252854 0.1645207038292518 
0 0.474377467082097 0.016833149469815768 0.056569576263427734 0.033666298939631537 
0 0.3984403060032771 0.010849912579243 0.018557071685791016 0.021699825158486 
0 0.49682149520287144 0.03151900263933035 0.024287627293513372 0.0630380052786607 
0 0.37714694096491885 0.04341725661204411 0.022079834571251504 0.08683451322408822 
0 0.39928276722247785 0.0563997351206266 0.02136072745689979 0.04431602588066688 
0 0.4225018941439115 0.05727096933584947 0.019907511197603665 0.034517879669482894 
0 0.35032846377446103 0.058363294372191794 0.0355993050795335 0.04819759268027086 
0 0.32909672076885516 0.0990318449643942 0.03167123060960036 0.04447208459560688 
0 0.4413466270153339 0.10466882127981919 0.05542458020723783 0.07782614689606887 
0 0.3157417132304265 0.1481396693449754 0.026433742963350736 0.039504729784452 
0 0.6818670126108023 0.14871169053591216 0.07422828674316406 0.12332551295940693 
0 0.22178175816169152 0.15689759988051194 0.01745317532466008 0.041812860048734225 
0 0.3612816150371845 0.1731259410197918 0.032960011408879206 0.04449159365433913 
0 0.280086480654203 0.17435479622620803 0.03212327223557692 0.07136336656717154 
0 0.16454548102158767 0.20300163672520563 0.018824173853947565 0.046721660173856296 
0 0.4366491391108586 0.20866455481602594 0.052975948040301986 0.1621085130251371 
0 0.6365176530984732 0.21175281818096453 0.04438007794893705 0.11065354714026818 
0 0.7944102654090295 0.24848772012270415 0.08914492680476262 0.16754401647127593 
0 0.41171534244830793 0.2591702754680927 0.024287627293513372 0.06513467201819786 
0 0.29351452680734486 0.2829668063383836 0.03355587445772611 0.079939237007728 
0 0.7357207811795748 0.284832605948815 0.0747830317570613 0.1563284580524151 
0 0.5186718794015738 0.333355371768658 0.10180128537691556 0.07730605052067684 
0 0.32576108895815337 0.36072786954733044 0.12543709461505598 0.1803134588094858 
0 0.536289435166579 0.3844397251422589 0.08745993100679837 0.06731282747708835 
0 0.2065796577013456 0.4028788713308481 0.03431046926058256 0.04817808591402494 
0 0.41825298162607044 0.4180148931650015 0.038320761460524336 0.056792919452373795 
0 0.12960025438895592 0.42482887781583345 0.039101554797245905 0.103241516993596 
0 0.35395625921396107 0.42754650115966797 0.05183102534367488 0.17064534700833833 
0 0.1845522660475511 0.4729028848501352 0.04102732585026668 0.14115333557128906 
0 0.3741719722747803 0.479814180961022 0.024390404040996846 0.07124633055466872 
0 0.2132348922582773 0.492031060732328 0.03318601388197679 0.057937255272498496 
0 0.4813693853525015 0.4916408428779015 0.07846450805664062 0.1453859989459698 
0 0.2278844118118286 0.5199301242828369 0.03688810421870305 0.0482170765216534 
0 0.4257095777071439 0.5548380338228666 0.03844400552602915 0.06412689502422626 
0 0.12312649763547458 0.5765345463385949 0.040836719366220325 0.05316488559429462 
0 0.21978736840761626 0.575071591597337 0.05143490204444298 0.0704336166381836 
