0 0.08942354183930618 0.8488934957064115 0.03648757017575777 0.1445468755868765 
0 0.6405487243945782 0.8649421105018029 0.20020701335026667 0.22228681124173677 
0 0.26008707743424636 0.8665950481708233 0.10219634496248685 0.10471505385178786 
0 0.19155824184417725 0.8792477387648362 0.042028115345881537 0.07878391559307392 
0 0.4685136354886569 0.8801263662484976 0.07701859107384315 0.10463509192833534 
0 0.0881243164722736 0.9572938037319825 0.051844349274268516 0.08541239196291336 
0 0.13148839198626006 0.948438350827648 0.03509355508364164 0.10312329777158223 
0 0.5056368571061355 0.10374854848935054 0.04622441071730394 0.07879721659880418 
0 0.7903326474703275 0.934352874612579 0.18066699688251203 0.13129425020172045 
0 0.6085217182452862 0.9719919423357799 0.14003408872164214 0.056016114755318716 
0 0.4441078075995812 0.12357348203659058 0.06021327238816481 0.08027158333705021 
0 0.3615866074195275 0.13046173865978533 0.01961231231689453 0.035812469629141 
0 0.46791762572068435 0.16082928730891302 0.025240604694073018 0.07587062395535983 
0 0.33784316136286807 0.17328671308664176 0.02246438539945162 0.10160200412456806 
0 0.3616351897899921 0.18909233350020188 0.02242290056668795 0.05155150706951435 
0 0.38681413577153134 0.19060219251192534 0.021014690399169922 0.04010695677537184 
0 0.30848334385798526 0.19035370533282941 0.03781289320725661 0.055890376751239486 
0 0.4901876449584961 0.02790898600449929 0.05878602541410006 0.0459468444952598 
0 0.28474342823028564 0.23746872865236723 0.033613039897038385 0.05158701309790978 
0 0.40644306402940017 0.24643487196702224 0.0588227418752817 0.09027723165658805 
0 0.26940441131591797 0.2946204680662889 0.028013229370117188 0.045849158213688776 
0 0.6666595018826998 0.30303083933316743 0.07844924926757812 0.1432499151963454 
0 0.16730169149545523 0.3028766100223248 0.018224239349365234 0.04867812303396372 
0 0.5881083011627197 0.03679970365304213 0.06719292127169095 0.06313362946877113 
0 0.318386068710914 0.32480610333956206 0.03501175000117375 0.05159143301156851 
0 0.23026389342087966 0.32452651170583874 0.033639100881723255 0.08304731662456806 
0 0.10440113452764657 0.3555874457726112 0.019627726995027982 0.054402644817645736 
0 0.3995499794299786 0.3679639009328989 0.05470822407649113 0.1889349130483774 
0 0.6163644057053786 0.37580178334162784 0.046265822190504804 0.1288477090688852 
0 0.787051641024076 0.4221036617572491 0.09387837923490085 0.1947792493380033 
0 0.37162325932429385 0.42650573070232684 0.025240604694073018 0.07587062395535983 
0 0.2429582247367272 0.45183772307175857 0.03504615563612718 0.09306188730093148 
0 0.722742850963886 0.4633699380434476 0.07848130739652194 0.18186030021080604 
0 0.48639546907865083 0.5155304762033316 0.10917714925912711 0.08900701082669772 
0 0.2766044231561514 0.5434651374816895 0.1330556319310115 0.20920364673321062 
0 0.5046291351318359 0.5756487846374512 0.09378125117375301 0.07751809633695163 
0 0.14655840396881104 0.5902428810413067 0.03641409140366774 0.05588593849769005 
0 0.3759735914377066 0.6124208890474759 0.0406186764056866 0.06590931232158954 
0 0.06265266812764682 0.6142868445469782 0.040663723762218766 0.12024985826932467 
0 0.3060436798976018 0.6222091454725999 0.05331776692317082 0.19894064389742339 
0 0.1214481913126432 0.671673793059129 0.04209922827207125 0.16458478340735802 
0 0.32707608663118803 0.6837662550119253 0.025246510138878457 0.08302065042349008 
0 0.15223997372847337 0.6946516770582932 0.03502480800335224 0.0673216306246244 
0 0.4431865948897142 0.6998647726499118 0.08266694729144757 0.1690035233130822 
0 0.16765364316793588 0.7275908176715558 0.039211621651282676 0.05589477832500751 
0 0.3817013593820425 0.7726001739501953 0.04062579228327824 0.07448944678673378 
0 0.05300825719649975 0.7915775225712702 0.043412660176937394 0.06162812159611629 
0 0.15791560136354887 0.7919103915874774 0.054619367306049056 0.08168381911057693 
