0 0.29996153024526745 0.7966779928940994 0.06243316943828876 0.1386561026939979 
0 0.7954768034128042 0.6902747887831467 0.224700560936561 0.2440202419574444 
0 0.45603359662569487 0.7752595681410569 0.11289200415978065 0.11663767007681039 
0 0.397444119820228 0.8017564920278696 0.053802306835468 0.08030465932992789 
0 0.6449702152839074 0.7417777134821966 0.09038958182701698 0.11118492713341346 
0 0.3236034008172842 0.9057485140286959 0.06877622237572303 0.10961693983811599 
0 0.3629501782930814 0.8989476423997146 0.06236831958477314 0.14353267963115984 
0 0.517814617890578 0.035550248164397016 0.05755274112407978 0.07110049632879403 
0 0.9246741073349347 0.7847575407761794 0.1506517847570089 0.2863939725435697 
0 0.3916478890639085 0.949393419119028 0.04774599808913011 0.06416056706355168 
0 0.8028764724731445 0.8552139722383939 0.16442562983586237 0.20250775263859674 
0 0.46695745908297026 0.06195037468121602 0.07035035353440505 0.08553744623294243 
0 0.3946813620053805 0.08629710857684796 0.02491022990300105 0.03661223558279184 
0 0.49591436752906215 0.09046684778653659 0.0382080444922814 0.07407980698805589 
0 0.3823191202603854 0.13029237893911508 0.04104181436391977 0.09678129049447867 
0 0.4068310260772705 0.13938605785369873 0.0306701293358436 0.05146145820617676 
0 0.4296297476841853 0.13522830376258263 0.02704932139470027 0.040799727806678183 
0 0.3596223501058725 0.15219199198942918 0.045310570643498346 0.058678177686838 
0 0.34814913456256574 0.20007183001591608 0.040671165172870345 0.05388487302339994 
0 0.45868860758267915 0.18148662952276376 0.07117458490224984 0.09429850028111385 
0 0.3462510292346661 0.25519809356102574 0.0344853401184082 0.04749375123244066 
0 0.7027701231149527 0.1756421556839576 0.09964069953331581 0.14644895150111273 
0 0.2567694095464853 0.28508058878091663 0.026327041479257438 0.04796297733600323 
0 0.3962286435640775 0.27178768011239857 0.04192132216233473 0.054187774658203125 
0 0.31747034879831165 0.2908718494268564 0.04719048279982347 0.08237162003150353 
0 0.2114778206898616 0.3466216784257155 0.028762542284452 0.05344533920288086 
0 0.4776262870201698 0.29306371395404524 0.08787111135629508 0.18273456280048078 
0 0.672878412099985 0.2525848700450017 0.06792435279259315 0.12653319652263934 
0 0.8348771608792819 0.2570635355435885 0.12406026400052585 0.1963958006638747 
0 0.4647733431596022 0.3522111452542819 0.0382080444922814 0.07407980698805589 
0 0.3550952397860013 0.40338741816007173 0.05051502814659706 0.09173851746779221 
0 0.7859648191011869 0.3085487163983859 0.10764180696927585 0.1814099641946646 
0 0.5856568629925067 0.4076522863828219 0.11588294689471905 0.10390886893639198 
0 0.4040637199695294 0.478987822165856 0.16202724896944487 0.21782614634587213 
0 0.6143545737633338 0.4580980997819167 0.0997607891376202 0.09021784709050105 
0 0.2975805080853976 0.5498898029327393 0.044060468673706055 0.05837524854219877 
0 0.5070471030015212 0.519633201452402 0.04988516294039213 0.06834796758798453 
0 0.22761025795569786 0.5900776936457708 0.061145855830265924 0.1175523904653696 
0 0.44661488899817836 0.543843306027926 0.08869537940392128 0.19149552858792818 
0 0.2919691434273353 0.6291490334730881 0.07158229901240422 0.15799573751596305 
0 0.4781092130220853 0.5949781124408429 0.03968972426194411 0.08055408184344952 
0 0.3242133947519156 0.6432023781996506 0.045180980975811295 0.06843119401198167 
0 0.5851298295534574 0.5840789171365591 0.10872514431293194 0.17066519077007586 
0 0.34478053679833043 0.6696518017695501 0.04656069095318134 0.05898101513202374 
0 0.5452370093419001 0.6634450325599084 0.051663141984205976 0.07611714876615085 
0 0.2556047347875742 0.7527598967918983 0.051496450717632584 0.06506927196796124 
0 0.34936461081871617 0.7300406235914964 0.06564617156982422 0.08562058668870193 
