0 0.19295575527044442 0.7133461328653189 0.1481998792061439 0.3808883887070876 
0 0.41324853897094727 0.8189934217012845 0.19790231264554536 0.32012235201322115 
0 0.21778343274043158 0.7939519148606521 0.07561360872708835 0.14521334721491888 
0 0.7085312146406907 0.9488021042197943 0.3619741659898024 0.10239579098728988 
0 0.49949684509864223 0.0910713724218882 0.1237338506258451 0.1448551221535756 
0 0.9256840484360089 0.1929062375655541 0.14863190255486047 0.2635328494585477 
0 0.27791755016033465 0.07134806651335496 0.07547514255230243 0.10340179846836971 
0 0.34145810970893276 0.11136263207747386 0.1495965627523569 0.21662156283855438 
0 0.8273422167851374 0.2948838288967426 0.12279415130615234 0.20794232075030988 
0 0.3111887161548321 0.2203214351947491 0.10087816531841572 0.13201691554142878 
0 0.15496344749744123 0.20427948694962722 0.09355854988098145 0.1581913691300612 
0 0.44575080504784215 0.2921723219064566 0.16045309947087213 0.3495151079618014 
0 0.951044339256791 0.4317238239141611 0.09791132091329648 0.3165429738851694 
0 0.4432316009814923 0.016350450424047615 0.06280792676485501 0.03270090084809523 
0 0.15115238611514753 0.31223930762364316 0.14257402603442854 0.1770292612222525 
0 0.12544956115575936 0.419418610059298 0.10393106937408447 0.18082717748788688 
0 0.5567662532512958 0.5197535478151761 0.18741277547983023 0.1784506210914025 
0 0.40178850980905384 0.03220672103074881 0.06622780286348783 0.06441344206149761 
0 0.5816168051499587 0.6060183048248291 0.19005166567288911 0.17399153342613807 
0 0.2922517336331881 0.5467202113224909 0.09952449798583984 0.14183484590970552 
0 0.17104382812976837 0.545776550586407 0.3055489773933704 0.4030493956345778 
0 0.339050476367657 0.02363747816819411 0.07061011974628155 0.04727495633638822 
0 0.326418216411884 0.6746974908388578 0.10519203772911659 0.1190796265235314 
0 0.8873794994388635 0.8134306027339056 0.22524100054915136 0.3677763572105995 
0 0.2584710671351506 0.676075110068688 0.11698814538808969 0.18888609225933367 
