0 0.17350801137777475 0.783225206228403 0.07881503838759202 0.38057562021108776 
0 0.39715051651000977 0.8214026597829965 0.138701658982497 0.30674002720759463 
0 0.21737614961770865 0.8532961698678824 0.04893000309283917 0.14167543557974008 
0 0.7210076038654034 0.9138685004928937 0.30377674102783203 0.17226299844109094 
0 0.9323906163470104 0.936064793370091 0.13521876673285776 0.1278704126866964 
0 0.2757247778085562 0.0998836148243684 0.09653296837439904 0.13268528764064497 
0 0.6908588409423828 0.09883845769442044 0.12312610332782452 0.19767691538884088 
0 0.0742861399283776 0.1443322255061223 0.0562135072854849 0.09701303335336539 
0 0.1413850600902851 0.1644789301432096 0.10934727008526142 0.20476138591766357 
0 0.6212107951824481 0.20129832854637733 0.08440861335167518 0.20027945591853216 
0 0.8944209905771109 0.193229446044335 0.1515781696026142 0.2734196186065674 
0 0.14419897703024057 0.27744084138136643 0.07623164470379169 0.12305230360764724 
0 0.016885614165892966 0.3067346902994009 0.03377122833178593 0.15233623064481294 
0 0.2827951999811026 0.3077667493086595 0.09648816402141865 0.34485292434692383 
0 0.8100735591008112 0.2833079007955698 0.13482548640324518 0.3037312947786771 
0 0.19900632821596587 0.029504413788135234 0.047585028868455156 0.05900882757627047 
0 0.0411338393504803 0.4111780386704665 0.0822676787009606 0.16370230454664964 
0 0.03460697485850407 0.5211311670450064 0.06921394971700814 0.17467341056236854 
0 0.44286049329317534 0.49390928561870867 0.15348119002122146 0.15720096001258263 
0 0.16550985666421744 0.05156908585475041 0.043859170033381537 0.10313817170950082 
0 0.48828616509070766 0.5693912139305701 0.15687957176795372 0.1519632339477539 
0 0.21611133905557486 0.5953275423783523 0.07315186353830191 0.1337877053480882 
0 0.11188069673684928 0.6290670908414401 0.22376139347369856 0.37611557887150693 
0 0.1091544719842764 0.05909441640743843 0.053178053635817304 0.08721882334122291 
0 0.28111262504871076 0.7080798882704514 0.08278936606187087 0.10845367725078876 
0 0.8486398183382474 0.6697660959683932 0.23189860123854417 0.3392663368811974 
0 0.2213589044717642 0.7288189301123986 0.08205461502075195 0.18095097175011268 
