0 0.21025102413617647 0.8098627603971041 0.11918998681581937 0.37579822540283203 
0 0.43796829076913685 0.8208843744718112 0.17007703047532302 0.31178951263427734 
0 0.2617036012502817 0.8731423157912034 0.06365629342886117 0.14221616891714242 
0 0.7764822886540339 0.8864155181038839 0.32741913428673375 0.2271689632191108 
0 0.9561208943621471 0.897861553929173 0.08775821070258434 0.20427689156853235 
0 0.2383504372376662 0.1305116369174077 0.10953798660865197 0.13919477279369646 
0 0.6503665080437293 0.09142039372370793 0.14863934883704552 0.18284078744741586 
0 0.04178893594787671 0.19757487223698542 0.0659450561954425 0.10007161360520583 
0 0.11105284094810486 0.20937060851317185 0.13003155359855065 0.21011602878570557 
0 0.5947322845458984 0.1889822666461651 0.10498985877403846 0.2028478475717398 
0 0.8669889890230619 0.14901910120478043 0.17911177415114182 0.2812285658258658 
0 0.1261132680452787 0.31935818378741926 0.08849873909583458 0.12751546272864708 
0 0.013364372345117422 0.36471255925985485 0.026728744690234844 0.15430782391474798 
0 0.26795748563913196 0.33269895957066464 0.13268430416400617 0.3434920127575214 
0 0.7924321614778959 0.24689419452960676 0.16593206845797026 0.30843334931593674 
0 0.15310914241350615 0.06255208299710201 0.055140247711768516 0.07869750261306763 
0 0.04340645900139442 0.46366339463454026 0.08681291800278884 0.17058944702148438 
0 0.043289716427142806 0.5702948020054743 0.08657943285428561 0.17655449647169846 
0 0.44815828250004697 0.49568831003629243 0.16828225209162787 0.1695435230548565 
0 0.12212062340516311 0.08898882567882538 0.05608185438009409 0.11886659264564514 
0 0.5017546140230619 0.5640692894275372 0.17105535360483023 0.1649023569547213 
0 0.2324702006119948 0.6213600085331843 0.08664013789250301 0.13748821845421424 
0 0.1312887852008526 0.666935498897846 0.2625775704017052 0.38944108669574445 
0 0.06740574767956367 0.11023747691741356 0.06188617990567134 0.09028114263827984 
0 0.30967735327207124 0.7238402733435998 0.09335904854994553 0.11423433743990384 
0 0.870097710392796 0.6197784497187688 0.25980457864128625 0.3541432160597581 
0 0.25218937947199893 0.7511108838594877 0.10055985817542443 0.1839571732741136 
