0 0.8511808101947491 0.759811859864455 0.07421933687650241 0.3879579030550443 
0 0.6274023789625901 0.8263951081496018 0.13696171687199518 0.31133182232196516 
0 0.8136041714594915 0.8363859103276179 0.04773088601919321 0.14406959827129656 
0 0.31150192480820876 0.9374043023070464 0.30717684672429013 0.12519139481278566 
0 0.08302341974698581 0.9740226817532227 0.16604683949397162 0.051954635920432896 
0 0.6781520843505859 0.07902579410718037 0.09673485389122596 0.13401140960363242 
0 0.2528192079984225 0.11493582908923809 0.12195579822246845 0.22987165817847618 
0 0.8876722409174993 0.09906183527066158 0.05598574418288011 0.09824221409284152 
0 0.8214100690988394 0.12786042117155516 0.10862357799823467 0.2075238159069648 
0 0.3367404570946327 0.2249536789380587 0.08311176300048828 0.20338874596815842 
0 0.06660983195671669 0.25077237074191755 0.13321966391343337 0.27700768067286563 
0 0.8299502959618201 0.24285340309143066 0.07607159247765174 0.12452231920682467 
0 0.9731855391023251 0.2548324144803561 0.053628921222228274 0.15469844524676984 
0 0.6919428385221041 0.2908822298049927 0.09297891763540414 0.3510893124800462 
0 0.15278744239073533 0.33169206289144665 0.13303687939277062 0.3083234383509709 
0 0.7482826893146222 0.013938402900329003 0.04750141730675331 0.027876805800658006 
0 0.9537331506323355 0.3640607778842633 0.09253369816220723 0.16551302029536322 
0 0.9660551363172439 0.4764430339519794 0.06788972679239053 0.17743998307448167 
0 0.5478140390836276 0.49971853769742525 0.15474224090576172 0.1580654657804049 
0 0.7847030346210186 0.03435058089403006 0.042940726647010215 0.06870116178806011 
0 0.5091983355008639 0.5819779726175162 0.15832094045785758 0.15264514776376578 
0 0.788847776559683 0.5744213691124549 0.0727235353910006 0.1355617229755108 
0 0.8934009257130898 0.5952799503619854 0.21319814800069883 0.38065712268535906 
0 0.8435764312744141 0.03051701417336097 0.05304233844463642 0.06103402834672194 
0 0.7340698608985314 0.6969424394460825 0.08305586301363431 0.10946735968956581 
0 0.1525488025867022 0.7287011513343225 0.23202475446921128 0.3429270524245042 
0 0.7969834987933819 0.7105522889357346 0.08103429354154147 0.183655518751878 
