0 0.2716669486119197 0.7761668792137733 0.1268464235159067 0.3657974096444937 
0 0.5288604406210092 0.7829853204580454 0.18633435322688177 0.30479665902944714 
0 0.3284254257495587 0.8368959426879883 0.06913482225858249 0.13877135056715745 
0 0.8631756854458497 0.8641254717054275 0.273648628535179 0.27174905601602334 
0 0.31856833971463716 0.11422214141258827 0.12147228534405048 0.1366887092590332 
0 0.7860487424410306 0.0793375877233652 0.16323529756986177 0.1586751754467304 
0 0.09485750014965351 0.18289701755230242 0.07274323243361253 0.09803529886099008 
0 0.17289898487237784 0.19319194096785325 0.14313243902646577 0.20568596399747407 
0 0.7201626851008489 0.16502923461107108 0.11477925227238582 0.1981946092385512 
0 0.9650843325429238 0.12956811831547663 0.06983133434103085 0.25913623663095325 
0 0.18747483308498675 0.30002442690042347 0.09778306117424598 0.1250025859245887 
0 0.03631003544880794 0.34657966173612154 0.07262007089761588 0.15077062753530648 
0 0.34753541763012225 0.3105765489431528 0.14298580243037298 0.33478604830228365 
0 0.9257650373933407 0.21801901780641997 0.148469924640197 0.301473305775569 
0 0.2237152778185331 0.04951690767820065 0.060942814900324896 0.07715623080730438 
0 0.06917262994326077 0.44228438230661243 0.13834525988652155 0.16736034246591422 
0 0.08711863481081449 0.5457935700049767 0.09671334119943473 0.1724531467144306 
0 0.5476250648498535 0.46617746353149414 0.1876690937922551 0.1671298833993765 
0 0.188093167084914 0.07578998402907298 0.061061162215012774 0.11604015529155731 
0 0.6066935062408447 0.531836748123169 0.19093832602867714 0.16268990590022162 
0 0.30098562974196214 0.5922461106226995 0.09542898031381461 0.13461791552030122 
0 0.18259176038778746 0.6384055431072528 0.2958878164107983 0.38172230353722203 
0 0.1257635263296274 0.09741927110231839 0.06835222244262695 0.08848788188054012 
0 0.385986878321721 0.6907011178823618 0.10363512772780198 0.11224115811861478 
0 0.9390388634055853 0.5797016620635986 0.12192227261570784 0.3475234325115497 
0 0.320387968650231 0.7182413614713229 0.11018147835364708 0.17983531951904297 
