0 0.0736523774953989 0.8634500503540039 0.1473047549907978 0.19370079040527344 
0 0.23731279373168945 0.8967702205364521 0.2043749735905574 0.13167550013615534 
0 0.8073519697556129 0.8930966303898737 0.13517415523529053 0.09878730773925781 
0 0.13093992379995492 0.31774363150963414 0.08736713115985577 0.09225815993088943 
0 0.04292381726778471 0.38191832028902495 0.08584763453556941 0.0989839847271259 
0 0.706590093099154 0.34847891330718994 0.15112068102909967 0.1633483996758094 
0 0.08051560475276066 0.443609934586745 0.16103120950552133 0.13939175238976112 
0 0.7527380448121291 0.4127660531264085 0.07115652010991023 0.09272179236778846 
0 0.5928114194136399 0.4519901459033673 0.13759807439950797 0.14404542629535383 
0 0.26637990658099836 0.501420626273522 0.15917491912841797 0.15050436900212213 
0 0.005343437194824219 0.5362053100879376 0.010686874389648438 0.10051180766179012 
0 0.7419358950394851 0.5628524743593656 0.15303586079524115 0.24574444844172552 
0 0.0070953369140625 0.6389016921703632 0.014190673828125 0.09671860474806565 
0 0.10213694205650917 0.64766814158513 0.06692130749042217 0.1535529356736403 
0 0.8806227491452143 0.6195392058445857 0.15120167915637678 0.11822388722346379 
0 0.19022666490994966 0.6977063142336332 0.080657592186561 0.176849181835468 
0 0.8269309722460233 0.6958204049330491 0.08463861392094539 0.13458714118370643 
0 0.9137779371096537 0.6992026842557467 0.11512521367806655 0.14417530940129206 
0 0.35088728024409366 0.7425430371211126 0.22994419244619516 0.2126770753126878 
0 0.6997106717183039 0.7359717442439153 0.19192176598768967 0.1323393308199369 
