0 0.9555169250816107 0.687221362040593 0.08896614926365706 0.19321518677931565 
0 0.8256256030156062 0.741287634922908 0.20813655853271484 0.13289899092454177 
0 0.25114301534799427 0.8073413922236516 0.13776368361253005 0.0993808599618765 
0 0.8711749590360202 0.9538098113754621 0.19936180114746094 0.09238037667595424 
0 0.8650772021366999 0.16317743062973022 0.08928761115440956 0.09211794229654166 
0 0.9586142391826098 0.2133409335063054 0.08277152106165886 0.09919480177072379 
0 0.2889654819781964 0.26349898485037 0.15447550553541917 0.16303638311532828 
0 0.9241871465570651 0.2790176318242 0.1516257063127481 0.13994481013371393 
0 0.2500057495557345 0.33187925815582275 0.07287353735703689 0.09228337728060208 
0 0.4156426466428317 0.3506234150666457 0.14061197867760292 0.14384770393371582 
0 0.7501496901878943 0.35898756980895996 0.1625212889451247 0.1505731069124662 
0 0.27842440054966855 0.47704005241394043 0.15713128676781288 0.24394721251267654 
0 0.9326409926781287 0.4816565146813026 0.06911270435039814 0.1519170907827524 
0 0.14538589578408462 0.5493076764620267 0.15416536422876212 0.1187452903160682 
0 0.8497788722698505 0.5412540619189923 0.08322752439058743 0.17502927780151367 
0 0.20837065806755653 0.6171968900240384 0.08689214633061336 0.13361754784217247 
0 0.12130743723649245 0.6311076237605169 0.11785248609689566 0.14357376098632812 
0 0.6932269426492544 0.6046407039348896 0.23473713948176458 0.2128638487595778 
0 0.3411792700107281 0.6408416307889498 0.19552955260643592 0.13332807100736177 
