0 0.09349804658156174 0.6231546218578632 0.1842951407799354 0.20462597333467925 
0 0.2792512636918288 0.6766467277820294 0.21911316651564378 0.1382301403925969 
0 0.8912440630105826 0.7315672727731558 0.14479589462280273 0.10388689774733323 
0 0.23515884692852312 0.9090526287372296 0.21054502633901742 0.0968333024245042 
0 0.22560970599834734 0.05231874865981249 0.09327932504507211 0.09741063931813607 
0 0.10939311981201172 0.10976729713953458 0.12189557002140926 0.10430932503480178 
0 0.8400280842414269 0.14426694925014788 0.16130663798405573 0.17250689176412728 
0 0.15096503037672776 0.17973345059614915 0.187133055466872 0.1467471306140606 
0 0.8828255671721238 0.21712640615609977 0.07578209730295035 0.0980671369112455 
0 0.7071387676092294 0.24217592752896822 0.14692315688500038 0.15207815170288086 
0 0.35173854461083043 0.26085832485785854 0.17013634168184721 0.15874273960406965 
0 0.03675405795757587 0.26653743707216704 0.07350811591515174 0.10614910492530236 
0 0.8555567837678469 0.374995965224046 0.16248424695088312 0.2602679179264949 
0 0.033285287710336536 0.37550077071556676 0.06657057542067307 0.10207253236037034 
0 0.16024043009831354 0.39883068891671986 0.070555540231558 0.16291585335364708 
0 0.9587475059983822 0.44935187926659215 0.08250498743011402 0.12443274718064529 
0 0.2495267941401555 0.4609237084021935 0.08512680347149189 0.18759676126333383 
0 0.9328594769422824 0.5246158746572641 0.08987848804547237 0.1425329355093149 
0 0.9821751781094533 0.5371587459857647 0.035649643207971864 0.15244197845458984 
0 0.4172196204845722 0.5249940615433913 0.24583013241107649 0.22426850979144758 
0 0.7921672417567327 0.5540219270266019 0.20566826600294846 0.13906225791344276 
