0 0.9457643947635705 0.8153427564180814 0.10847120989973728 0.18402613126314604 
0 0.7880001068115234 0.8583132670475886 0.22236970754770133 0.12088174086350661 
0 0.1502482111637409 0.887205564058744 0.14640900721916786 0.09156990051269531 
0 0.870414293729342 0.2803714550458468 0.09300877497746395 0.0874029856461745 
0 0.9636763057743127 0.33793033086336577 0.07264738787825291 0.09279438165517953 
0 0.22855933812948373 0.3435676923164955 0.16066450339097244 0.15492499791658843 
0 0.9240600511145133 0.4014129455272968 0.15187989719785178 0.12997983052180365 
0 0.18100654620390672 0.40969333281883824 0.07474905710953933 0.08864963971651517 
0 0.36234116554260254 0.43930910183833194 0.14655505693875825 0.13640715525700495 
0 0.7305357272808368 0.46950611701378453 0.1704560793363131 0.14177637833815354 
0 0.20256159397271964 0.5573092790750357 0.15812097145960882 0.23667588600745568 
0 0.9234534410329965 0.6045768994551438 0.06651709629939152 0.14927853070772612 
0 0.06634979981642503 0.6212077874403733 0.13269959963285005 0.11009883880615234 
0 0.8280943723825308 0.6590224229372464 0.08063939901498648 0.1717525995694674 
0 0.11589844868733333 0.6934835360600398 0.08752656899965726 0.12958049774169922 
0 0.039809722166795 0.7017785952641413 0.07961944433359 0.13762613443227914 
0 0.6512451355273907 0.71247071486253 0.24651127595167893 0.20010038522573617 
0 0.26071354059072643 0.7258809896615835 0.20832472581129807 0.12214499253493089 
