0 0.9059327932504507 0.753779227917011 0.18660824115459734 0.19236953441913313 
0 0.7344576762272761 0.815549740424523 0.21469629727877104 0.13762422708364633 
0 0.16126141639856192 0.9130054620596079 0.14273261106931245 0.10181940518892728 
0 0.7918181052574744 0.982320088463334 0.20384553762582633 0.03535982250021054 
0 0.7425963695232685 0.2654244899749756 0.09403001345120944 0.0920259402348445 
0 0.8560585975646973 0.30625704618600696 0.1213083267211914 0.1003283353952261 
0 0.16962997271464422 0.3954460254082313 0.16288123680995062 0.1626560137822078 
0 0.8216234353872446 0.370780559686514 0.1853181398831881 0.14241530345036432 
0 0.13423612943062416 0.4625979020045354 0.07768316452319805 0.09117614305936374 
0 0.3015593015230619 0.47030232502863956 0.1480130415696364 0.14377652681790865 
0 0.6378664420201228 0.45792126655578613 0.17021388273972732 0.15143772271963266 
0 0.9472327965956467 0.43640578710115874 0.10003933539757362 0.10007135684673603 
0 0.1706713758982145 0.5984053611755371 0.16997153025407058 0.2388456051166241 
0 0.9556544375820801 0.5309455944941595 0.08869112426271805 0.09685010176438552 
0 0.8277693161597619 0.563066134086022 0.07721101320706882 0.14697995552649865 
0 0.0605509693805988 0.6749511682070218 0.1211019387611976 0.12101940008310172 
0 0.7478185433607835 0.624561804991502 0.09254506918100211 0.16956156950730544 
0 0.10796593244259174 0.7354494241567758 0.09392220240372878 0.1308739001934345 
0 0.0419848240338839 0.7539141728327825 0.0839696480677678 0.14212520305926984 
0 0.5940878758063683 0.6941207005427434 0.24559435477623573 0.21439141493577224 
0 0.24259562217272246 0.749789678133451 0.2021577816743117 0.1372553018423227 
