0 0.1592479096009181 0.6478983255533072 0.18664360504883987 0.1694197654724121 
0 0.32925140857696533 0.6859920575068548 0.18041154054495004 0.12338939079871544 
0 0.5799140746776874 0.7314336850092962 0.1478150074298565 0.1450788791363056 
0 0.039658624392289385 0.711704474229079 0.07931724878457877 0.19825157752403846 
0 0.27670369698451114 0.7725619169381949 0.17644447546738845 0.15970061375544622 
0 0.006982682416072259 0.7885836454538199 0.013965364832144517 0.13969663473275992 
0 0.411681762108436 0.8650796230022724 0.18379864325890174 0.12028672144963191 
0 0.14364032103465155 0.18925742002633902 0.11490263388707088 0.08944944234994742 
0 0.029533780538118802 0.17517870664596558 0.059067561076237604 0.05875493012941801 
0 0.5712446249448336 0.27991220584282506 0.08470913080068734 0.1007684744321383 
0 0.6614089562342718 0.3046014767426711 0.16759531314556414 0.17869892487159142 
0 0.02584374867952787 0.2543891209822435 0.05168749735905574 0.11595003421490009 
0 0.562842607498169 0.36142527140103853 0.14014504506037787 0.10717366291926457 
0 0.09021071287301871 0.30643606185913086 0.18042142574603742 0.11895546546349159 
0 0.37170881491440994 0.3821265330681434 0.07061199041513297 0.08100447287926307 
0 0.2613101830849281 0.3707047425783597 0.15422320365905762 0.11742419462937576 
0 0.7446782772357647 0.4677646526923546 0.11656849200908954 0.19548610540536734 
0 0.006243012272394621 0.36665960458608776 0.012486024544789242 0.08646686260516827 
0 0.4409638551565317 0.43479625995342547 0.25806867159329927 0.1720708700326773 
0 0.8440008163452148 0.5220856483166034 0.11796159010667068 0.0839241834787222 
0 0.3192871167109563 0.48722045238201434 0.06899092747614934 0.07840460997361404 
0 0.16326684676683867 0.4917573378636287 0.06846790130321796 0.1401537014887883 
0 0.020667756979282085 0.4656340158902682 0.04133551395856417 0.13086304297814003 
0 0.0233845619054941 0.4927802269275372 0.0467691238109882 0.09860864052405724 
0 0.2521001834135789 0.5360049101022574 0.07879306719853328 0.13205726330096906 
0 0.1915993094444275 0.5548605368687556 0.08372516815478985 0.09350061416625977 
0 0.40753347140092117 0.5844406898205097 0.24593945649953988 0.16684279075035682 
