0 0.3148699173560509 0.7042647875272311 0.16824648930476263 0.15558008047250602 
0 0.488213979280912 0.7191850222074069 0.16820628826434797 0.10686170137845553 
0 0.7423560435955341 0.7300425676199106 0.13173873607928938 0.13496919778677133 
0 0.13379631707301506 0.7983407974243164 0.20215197480641878 0.18131197415865385 
0 0.44789387629582333 0.8167300591102014 0.1591163048377404 0.14658120962289664 
0 0.09346773919577782 0.8856292504530686 0.1812513989324753 0.12228136796217698 
0 0.5939206710228553 0.8932626064007099 0.17211275834303635 0.1030259499183068 
0 0.2375869475878202 0.23010786680074838 0.10562832538898174 0.07977073009197529 
0 0.10726577043533325 0.23430331853719857 0.08475212867443378 0.05022744032052847 
0 0.6728978157043457 0.26227499888493466 0.07306091602032001 0.09635022970346305 
0 0.7654386667104868 0.2748476450259869 0.14740518423227164 0.16834480945880598 
0 0.09300100230253659 0.3202398648628822 0.11347005229729873 0.10671500059274527 
0 0.6755752563476562 0.34816617232102615 0.12909947908841646 0.09521836500901443 
0 0.19077812708341157 0.3610039490919847 0.18905181151169997 0.09922519096961388 
0 0.48925159527705264 0.3973839649787316 0.06131593997661884 0.0770878791809082 
0 0.3784790772658128 0.4015270196474515 0.14213928809532753 0.10422768959632286 
0 0.8698283709012545 0.43226187045757586 0.09269010103665866 0.19383936661940354 
0 0.08137128674066983 0.44078516960144043 0.0925948482293349 0.07845376088069035 
0 0.5648767397953913 0.44205357478215146 0.24122172135573167 0.14808332003079927 
0 0.04234671592712402 0.47301132862384504 0.08469343185424805 0.09139314064612755 
0 0.9603298259182618 0.4742870330810547 0.07934034759035477 0.07337093353271484 
0 0.4515538215637207 0.5141528569735013 0.06001061659592848 0.07452025780310997 
0 0.2977933333470271 0.5414882990030142 0.05094289779663086 0.14116305571336013 
0 0.08408517103928786 0.545921252324031 0.16817034207857573 0.11329995668851413 
0 0.1270895921266996 0.5675870638627273 0.10172708217914288 0.09001676852886493 
0 0.39165438138521635 0.5745704174041748 0.06266366518460788 0.13093790641197792 
0 0.33433494201073277 0.6029294820932242 0.07305464377770057 0.08865781930776742 
0 0.5519766257359431 0.6023462735689603 0.22948943651639497 0.14420568026029146 
