0 0.25543510913848877 0.7128995015070989 0.1639561102940486 0.16363011873685396 
0 0.42399831918569714 0.7276809765742376 0.16379539783184344 0.11264397547795223 
0 0.6711035508375901 0.7378223125751202 0.12841209998497596 0.14188458369328424 
0 0.08906035239879902 0.812225341796875 0.17812070479759803 0.19072283231295073 
0 0.38504236478071946 0.8299607863793006 0.1550574119274433 0.15416856912466195 
0 0.06444876469098605 0.9037711803729718 0.1288975293819721 0.12884418780987078 
0 0.5272013224088229 0.9093540998605582 0.16758375901442307 0.10864852024958684 
0 0.17911692307545587 0.21704107981461745 0.10289006049816425 0.08399139917813815 
0 0.05242849255983646 0.2220582778637226 0.08252063278968517 0.052972610180194564 
0 0.6024086291973407 0.24861307327563947 0.07126984229454628 0.10118596370403583 
0 0.6924086717458872 0.2613261662996732 0.1437262755173903 0.17688883267916167 
0 0.047032567170950085 0.3120639599286593 0.09406513434190017 0.11222742154048039 
0 0.6052259481870211 0.33848981673900896 0.1257470571077787 0.10027080315809983 
0 0.13393582289035505 0.3542556304198045 0.1840422245172354 0.10475233884958121 
0 0.42420400105989897 0.39089444967416614 0.059803192432110124 0.08097061744103065 
0 0.31652076427753156 0.39576284702007586 0.1384467345017653 0.10976219177246094 
0 0.7942896622877854 0.4255665632394644 0.09059627239520733 0.203307005075308 
0 0.03643845365597652 0.4382767677307129 0.07287690731195304 0.082550415625939 
0 0.49783864388099086 0.43727999467116135 0.23488330841064453 0.15613526564378005 
0 0.01559619834789863 0.47231624676631045 0.03119239669579726 0.09630507689255935 
0 0.8970570931067834 0.4690404671889085 0.10666993948129508 0.07731239612285908 
0 0.3878454611851619 0.513280410033006 0.05852776307326097 0.0782771844130296 
0 0.2384269512616671 0.542627554673415 0.04987854223984938 0.14797826913686898 
0 0.05627903112998375 0.5483192480527438 0.1125580622599675 0.11943211922278771 
0 0.07253304926248696 0.5707618456620437 0.09912285208702087 0.0946955680847168 
0 0.32976170686575085 0.5767985307253324 0.06124786230233999 0.13733361317561224 
0 0.2741062274345985 0.6067532759446365 0.07124434984647311 0.09313554030198318 
0 0.485697104380681 0.6050966336176946 0.22346757008479193 0.15202074784498948 
