0 0.44127897115854114 0.7964441959674542 0.18409252166748047 0.1561601345355694 
0 0.6262374107654278 0.8052988785963792 0.18246052815363958 0.10896095862755409 
0 0.8970479598412147 0.8076069171612079 0.1445751923781175 0.13501314016488883 
0 0.2516503700843224 0.8934393662672776 0.2210080073429988 0.18218451279860276 
0 0.5865109333625207 0.9011072745689979 0.17408433327308068 0.14714710529033953 
0 0.2115802948291485 0.9585753219345441 0.19684377083411583 0.08284935555779017 
0 0.7444082040053147 0.9589257605660421 0.1864921129666842 0.08214847829479438 
0 0.34356785737551176 0.3395582162416898 0.11499271026024452 0.08069379513080303 
0 0.2050177134000338 0.3478335417233981 0.09181627860436073 0.051398093883807845 
0 0.8078722586998572 0.35665831199059117 0.08088126549353966 0.0957035651573768 
0 0.9067638103778546 0.36584927485539365 0.16233341510479266 0.16785306196946365 
0 0.19264050630422738 0.43155338213993955 0.12421534611628605 0.10705041885375977 
0 0.8135233659010667 0.4397867826315073 0.1404703580416166 0.09641761046189529 
0 0.29802405834198 0.46788813517643857 0.2043914978320782 0.10223645430344802 
0 0.6168443789848914 0.49349104441129243 0.06775595591618465 0.07666290723360501 
0 0.49909608180706316 0.5010840342595027 0.15463884060199445 0.10556712517371544 
0 0.9852579922343676 0.5149859831883357 0.029484014958143234 0.19078412422767052 
0 0.18419644924310538 0.5487183790940505 0.1010818573144766 0.07899680504432091 
0 0.6987813619466928 0.5343254162715032 0.2614950400132399 0.15125516744760367 
0 0.11593064895043007 0.5820449682382437 0.14866220034085786 0.09296431908240685 
0 0.5805357236128587 0.6078396760500394 0.066283262692965 0.07413332278911884 
0 0.41779637336730957 0.6392913231482873 0.05880902363703801 0.13840308556189904 
0 0.184944565479572 0.650660019654494 0.1937695833352896 0.11553540596595177 
0 0.23698587601001447 0.6700922159048227 0.1111759222470797 0.09049400916466346 
0 0.51876189158513 0.6683100370260385 0.07094654670128456 0.1288758424612192 
0 0.4586879840263954 0.6976374112642728 0.08062359002920297 0.08825111389160156 
0 0.690281867980957 0.6900404416597806 0.24888508136455828 0.14711952209472656 
