0 0.5790938780857966 0.9092197049982272 0.1945517246539776 0.18156058943042389 
0 0.40563491674569935 0.9060127918536847 0.1854099126962515 0.14537481161264273 
0 0.15338286757469177 0.8763170975905198 0.15479260683059692 0.170379638671875 
0 0.7397988025958722 0.9674465104650992 0.2327081973736103 0.06510697849667989 
0 0.427108489550077 0.9631711151450872 0.18389015931349534 0.07365776913670394 
0 0.743774230663593 0.40784722108107346 0.11879796248215896 0.10525175241323617 
0 0.8713021278381348 0.4338395962348351 0.09274475391094501 0.06926254125741813 
0 0.3091653952231774 0.37194440915034366 0.08986298854534443 0.11818823447594276 
0 0.21570235949296218 0.370634702535776 0.1764375429887038 0.20973895146296576 
0 0.8692909754239596 0.53093198629526 0.1315449201143705 0.13623883174015924 
0 0.29048181497133696 0.46620906316317046 0.14476976027855507 0.12612823339609 
0 0.765405324789194 0.5598476299872766 0.20448633340688852 0.14037451377281776 
0 0.4647369201366718 0.5510248037484976 0.07471190966092624 0.09502917069655198 
0 0.5730274090400109 0.5737543106079102 0.15927868622999924 0.13819738534780648 
0 0.08351182249876168 0.5270846990438608 0.12738419954593366 0.22887160227848932 
0 0.8582194034869854 0.6657519523914044 0.10573233090914212 0.10166303928081806 
0 0.38193198350759655 0.58787857569181 0.26492812083317685 0.20278552862314078 
0 0.9163297506479117 0.7119636535644531 0.15174293518066406 0.12319300724909855 
0 0.016205935524060175 0.5561086581303523 0.03241187104812035 0.09883719224196214 
0 0.48003695561335635 0.6859548642085149 0.07294823573185848 0.09198474884033203 
0 0.6263194450965295 0.7413043609032264 0.07648071875939003 0.16396045684814453 
0 0.8410571538485013 0.7820880596454327 0.1968726378220778 0.15418199392465445 
0 0.7895149817833533 0.798068119929387 0.11687498826246995 0.1159066420335036 
0 0.5277247062096229 0.76239197070782 0.08609852424034706 0.15461070720966047 
0 0.5788618417886587 0.8030582941495455 0.08841951076801007 0.10970768561730018 
0 0.3646849668942965 0.7667322892409104 0.25266394248375523 0.19658763592059797 
