0 0.6756428571847769 0.8364630112281213 0.038177857032189004 0.03421585376446064 
0 0.6171623560098501 0.8627530611478366 0.05020578090961163 0.06192280695988582 
0 0.7870173821082482 0.8874236620389498 0.06204296992375301 0.05151836688701923 
0 0.44257829739497256 0.8870431826664851 0.07003259658813477 0.08042166783259465 
0 0.7723713287940392 0.9114035826462966 0.07694266392634465 0.04940385084885817 
0 0.5391087532043457 0.9333028793334961 0.05173705174372746 0.06606776897723858 
0 0.5745887756347656 0.934748466198261 0.057584395775428183 0.07583200014554538 
0 0.4420301364018367 0.9667433223758752 0.03683735774113582 0.06651335467512791 
0 0.3160409377171443 0.9729763543089995 0.043104942028339095 0.05404729080887941 
0 0.2348619240980882 0.9797165208997635 0.05669557131253756 0.04056695762735147 
