0 0.7096661054171048 0.6717426226689265 0.04149774404672476 0.0369713856623723 
0 0.6650471687316895 0.7108369973989633 0.0581975350013146 0.06245891864483173 
0 0.8236407866844764 0.6796154242295486 0.06656287266657902 0.05674178783710186 
0 0.5162887023045466 0.7833846899179312 0.07990481303288387 0.08225573026216947 
0 0.8174594732431265 0.7035819200369028 0.07944473853478065 0.058524131774902344 
0 0.6156729001265305 0.7919122622563288 0.0604559458219088 0.06620869269737831 
0 0.6477363843184251 0.7823692835294284 0.06778075144841121 0.07556966634897086 
0 0.5389160192929782 0.8491765902592585 0.04757407995370718 0.06442634875957783 
0 0.42819430277897763 0.891964655656081 0.0503230461707482 0.054986000061035156 
0 0.35953538234417254 0.9271505795992337 0.06231340995201698 0.05752871586726262 
0 0.5733848535097562 0.9274245042067307 0.07477918038001427 0.06534238962026742 
