0 0.45768823990455043 0.7621894983144907 0.03460469612708458 0.03302412766676683 
0 0.5077429001147931 0.7920948908879206 0.04569196701049805 0.05974784264197716 
0 0.35388500873859113 0.8023140613849347 0.056191554436316855 0.0497284669142503 
0 0.6617195422832782 0.8292974325326773 0.06367111206054688 0.07760165287898137 
0 0.364961550785945 0.8265191958500788 0.06952755267803486 0.047704183138333835 
0 0.571575825030987 0.8660834385798528 0.04711026411790114 0.06374549865722656 
0 0.5397483568925124 0.8646554213303786 0.0524597534766564 0.0731647198016827 
0 0.655453241788424 0.9067263236412635 0.033774155836838946 0.06576978243314303 
0 0.7675558236929086 0.9222931495079627 0.03924765953650841 0.0529022216796875 
0 0.8390031961294321 0.9413043535672702 0.05142431992750902 0.05213722815880409 
0 0.6410009677593524 0.9859831148328689 0.06270041832557091 0.02803376976114053 
