0 0.5876149030832144 0.7530542520376352 0.040569378779484674 0.03807962857759916 
0 0.5273915620950552 0.7752481607290415 0.05486631393432617 0.06735449570875901 
0 0.6932936815115122 0.8145870795616736 0.06556371542123648 0.05771284836989183 
0 0.35244030218857986 0.7858234552236704 0.07600039702195388 0.0878749260535607 
0 0.6766588137700007 0.8380184173583984 0.08001188131479117 0.056785876934344955 
0 0.4438475095308744 0.8413036786592923 0.05674171447753906 0.07171176030085637 
0 0.478832666690533 0.8457115980295035 0.06336032427274264 0.08216131650484525 
0 0.3447114871098445 0.8685220571664664 0.042293475224421576 0.07263873173640324 
0 0.21950487907116228 0.8640922032869779 0.04725531431344839 0.059527103717510514 
0 0.13799605461267325 0.8708407328679011 0.060534541423504167 0.05982663081242488 
0 0.3427602786284227 0.9684584322743691 0.07335125482999362 0.06308313487814023 
