0 0.4750703481527475 0.8479410685025729 0.04228852345393254 0.036844767056978665 
0 0.4131350333874042 0.8634577897878793 0.05785417556762695 0.06385385073148288 
0 0.5796843675466684 0.9115407650287335 0.06818191821758564 0.056158946110652044 
0 0.23539308401254508 0.8598121496347281 0.07991240574763371 0.08365205618051383 
0 0.5618760769183819 0.9314660659203162 0.08263668647179237 0.056464782127967246 
0 0.32578790187835693 0.9168632947481595 0.05991761501018818 0.06785422105055589 
0 0.3610670199761024 0.9234885069040152 0.06699382341825046 0.07761317033034104 
0 0.22421100506415734 0.9339848298292893 0.045462846755981445 0.06754831167367789 
0 0.09749302038779625 0.9205298790564904 0.04989206790924072 0.05633706312913161 
0 0.023111499272860013 0.920477977165809 0.046222998545720026 0.05763662778414213 
0 0.21810846145336443 0.9967276131590972 0.07637953758239746 0.006544773108684099 
