0 0.41574496489304763 0.3105334135202261 0.05018153557410607 0.06065977536714994 
0 0.21531996360191932 0.3197182141817533 0.0457146351154034 0.05342556880070613 
0 0.668494279568012 0.3686457138795119 0.22491165307851937 0.12683543792137733 
0 0.06269592046737671 0.34829997099362886 0.12539184093475342 0.2009426447061392 
0 0.31437871089348424 0.4261484146118164 0.04928983174837553 0.049703231224646933 
0 0.9684234030831319 0.5241854924422044 0.06315319326061469 0.06383239305936374 
0 0.30288126835456264 0.47057127952575684 0.041659226784339316 0.03536360080425556 
0 0.19155315252450797 0.46647194715646595 0.03722675030048077 0.04443539105928861 
0 0.34432589090787447 0.4939952263465294 0.16585676486675555 0.1318677021906926 
0 0.8585270001338079 0.5517149154956524 0.14452560131366438 0.10802279985868014 
0 0.1751002806883592 0.491077001278217 0.07635785983158992 0.27110448250403774 
0 0.2672920868946956 0.5043297364161565 0.05361085671644945 0.039261927971473105 
0 0.14140600424546462 0.5015528935652512 0.03432039114145132 0.05637510006244366 
0 0.8783060220571665 0.599228730568519 0.05662874075082632 0.028691768646240234 
0 0.2863335609436035 0.5931880290691669 0.07080958439753605 0.059981199411245495 
0 0.25037560096153844 0.6476187522594745 0.17633438110351562 0.2606065823481633 
0 0.1954698654321524 0.7250273777888372 0.060564316236055814 0.09293248103215145 
0 0.477146552159236 0.7666703370901254 0.176179078909067 0.08398004678579477 
0 0.5107376758868878 0.8058850581829364 0.04616055121788612 0.05890384087195763 
0 0.6683116692763108 0.8228381963876578 0.16475156637338492 0.2771229377159706 
0 0.13810361807162946 0.7842452709491436 0.04563759840451754 0.06836201594426082 
0 0.8675959660456731 0.8922336651728704 0.0800184103158804 0.20489744039682242 
0 0.5390473145705003 0.8777117729187012 0.22687530517578125 0.18272994114802435 
0 0.2914076309937697 0.8698053359985352 0.07062103198124813 0.07354809687687801 
0 0.6638958637530987 0.9093782351567194 0.05282233311579777 0.0772233376136193 
0 0.7777615327101487 0.9468622574439416 0.03718405503493089 0.07567779834453876 
