0 0.6592761553250827 0.44120993980994594 0.05003268902118389 0.05816459655761719 
0 0.8727193979116586 0.4671599498161903 0.04570784935584435 0.05110003398014949 
0 0.3852961613581731 0.479225360430204 0.23442495786226714 0.11150275743924655 
0 0.986362347092766 0.5104221380673922 0.02727530524134636 0.19288881008441633 
0 0.759561722095196 0.5669682025909424 0.04983703906719501 0.04696974387535682 
0 0.05131742931329287 0.6119919740236722 0.06966909307699937 0.05988044005173903 
0 0.7687740325927734 0.6130111400897686 0.04258816058819111 0.03286317678598257 
0 0.8879687602703388 0.6180862646836501 0.03715595832237831 0.042568280146672174 
0 0.7228883596567007 0.6333480981680063 0.1701814211331881 0.12165759159968449 
0 0.16967391967773438 0.6492747160104605 0.14877726481511042 0.09892896505502555 
0 0.9038429260253906 0.6444252270918626 0.06358117323655349 0.2724234140836276 
0 0.8044557571411133 0.6502283903268667 0.055244739239032455 0.035865416893592246 
0 0.9391088118919959 0.6578535300034744 0.033173561096191406 0.05509457221397987 
0 0.14526579471734855 0.6958602758554312 0.05925157436957726 0.024738458486703727 
0 0.7779797407296988 0.7388395896324744 0.07239745213435246 0.055727591881385215 
0 0.8126275355999286 0.7970696595998911 0.17248072991004357 0.25319649622990537 
0 0.8659266691941482 0.8801941871643066 0.059000455416165866 0.09048527937669021 
0 0.5621862961695745 0.8990935178903433 0.18471017250647911 0.07152975522554837 
0 0.5235983775212214 0.9361096162062424 0.045805711012620196 0.05669740530160757 
0 0.35411972265977126 0.9023317555682018 0.15879011154174805 0.19533648829047495 
0 0.9231104117173415 0.9450593728285569 0.044576131380521335 0.06647029289832482 
0 0.13646731468347403 0.946070524219137 0.07218847824976994 0.10785895098860447 
0 0.488399285536546 0.9611247501407678 0.23262618138239935 0.07775049914534275 
0 0.7534538782559909 0.9921675460556378 0.07124115870549129 0.015664907315602668 
0 0.352859038573045 0.9954795102373912 0.051727038163405195 0.009040978952096058 
