0 0.37436907108013445 0.36133604783278245 0.050778682415301986 0.060013844416691706 
0 0.1886460414299598 0.356441461122953 0.0460969851567195 0.05296105604905348 
0 0.6025357246398926 0.43327067448542667 0.21480919764592096 0.13373499650221604 
0 0.055315801730522744 0.3717868603192843 0.11063160346104549 0.19863038796644944 
0 0.27081753657414365 0.46356861407940203 0.049005948580228366 0.04973587623009315 
0 0.8682712041414701 0.6005097169142503 0.06767764458289513 0.06423436678372897 
0 0.2563577890396118 0.5047068779285138 0.040833895023052506 0.03583999780508188 
0 0.15399374870153573 0.49330623333270734 0.0376199667270367 0.04399439004751352 
0 0.2925667946155255 0.5296133114741399 0.16178442881657526 0.13436676905705378 
0 0.7620020279517541 0.618867800785945 0.14037036895751953 0.11066539470966046 
0 0.13667991069646981 0.5154096163236178 0.09301973306215726 0.25804710388183594 
0 0.22059381008148193 0.5341524527623103 0.05199830348675068 0.04029681132389949 
0 0.10468286275863647 0.523014600460346 0.03604048032027025 0.054927935967078574 
0 0.7761321434607873 0.6650388424213116 0.05379940913273738 0.030647864708533652 
0 0.2304589840082022 0.619285143338717 0.06939545044532189 0.06079952533428486 
0 0.1925625021641071 0.6682114967933068 0.18261334529289833 0.2551325284517728 
0 0.13519126635331374 0.7375371272747333 0.06302255850571853 0.09082111945519081 
0 0.39147631938640887 0.7958890474759616 0.16691116186288688 0.09042285038874699 
0 0.4190701154562143 0.8351638867304876 0.04698331539447491 0.05809996678278996 
0 0.562989565042349 0.861822091616117 0.17358141679030198 0.26973702357365537 
0 0.07712688354345468 0.7895320378817045 0.04734315321995662 0.06688345395601712 
0 0.740847294147198 0.9212521771685436 0.0905007582444411 0.15749564508979136 
0 0.4389633398789626 0.9048530872051532 0.2215116207416241 0.1859899667593149 
0 0.21115840398348296 0.8806370588449332 0.07042004511906551 0.07343725057748648 
0 0.5514122706193191 0.9431802676274226 0.054628849029541016 0.07564038496751052 
0 0.6532232944781964 0.9748457026882813 0.04033389458289513 0.05030859405031571 
