0 0.3848115114065317 0.44829452954805815 0.051549544701209433 0.06251181088961087 
0 0.17637991905212402 0.46312537560096156 0.04698496598463792 0.055016737717848554 
0 0.6485568743485671 0.5026392386509821 0.23294459856473482 0.12754209224994367 
0 0.041034033665290244 0.4975425830254188 0.08206806733058049 0.20714433376605695 
0 0.2808275864674495 0.5721028768099271 0.05076307516831618 0.05100521674522987 
0 0.9650626914718976 0.6578028385455792 0.06987461648308314 0.06536623147817758 
0 0.2694371755306537 0.6189610224503738 0.04299154648414025 0.03611612319946289 
0 0.15354299545288086 0.617555306507991 0.03824901580810547 0.04577992512629582 
0 0.3128641752096323 0.64243562404926 0.17127796319814828 0.13439611288217398 
0 0.8486553705655612 0.689579963684082 0.14933974926288313 0.10986548203688401 
0 0.13674059280982384 0.6437710431905893 0.0760952142568735 0.28328525103055513 
0 0.23284077644348145 0.6552674220158503 0.055407267350416914 0.03990305387056791 
0 0.10181551254712619 0.6556258201599121 0.035060800038851224 0.05842142838698167 
0 0.8698492783766526 0.7388657056368314 0.05869381244365986 0.028699874877929688 
0 0.2538006122295673 0.7479055111224835 0.07307580801156852 0.06125347430889423 
0 0.21708718629983756 0.8058881026047927 0.18051937910226676 0.26959962111253005 
0 0.1609543149287884 0.8884458541870117 0.06195683662707989 0.09620050283578727 
0 0.45458731284508336 0.9247779479393592 0.18267316084641677 0.08372857020451473 
0 0.49004611602196324 0.9650067182687613 0.047378209921029896 0.06077010814960186 
0 0.6542267982776349 0.9175202294897574 0.16822070341843826 0.1649595404473635 
0 0.10202648089482234 0.9520017550541804 0.04670873055091271 0.07073717850905198 
0 0.8624852987436148 0.9697425914211915 0.08078164320725661 0.060514816584495396 
0 0.5204301063831036 0.9731987805034106 0.23426015560443586 0.0536024384200573 
0 0.2626492151847252 0.9999644204687613 0.07270121574401855 7.115848935567416e-05 
