0 0.4139046852405255 0.4475717361156757 0.057668135716364935 0.0613099244924692 
0 0.20212962994208702 0.44213621432964617 0.05235934257507324 0.054108032813439004 
0 0.6744067485515888 0.5215094823103684 0.24459229982816255 0.13688003099881685 
0 0.05644086232552162 0.4574104639200064 0.11288172465104324 0.20291478817279524 
0 0.29635249651395357 0.5516339265383207 0.055698394775390625 0.0508275765639085 
0 0.969873684959916 0.6927760931161734 0.060252629507046476 0.06565519479604867 
0 0.2800721021798941 0.5935731300940881 0.04644012451171875 0.03664060739370493 
0 0.16330555769113395 0.5816976473881648 0.04272662676297701 0.04494549677922176 
0 0.3214800449518057 0.6190714102524978 0.1840369334587684 0.1373902100783128 
0 0.8571490874657264 0.7112542665921725 0.15970897674560547 0.1131735581618089 
0 0.1436758774977464 0.6042086894695575 0.10485326326810397 0.2633035366351788 
0 0.2394433204944317 0.6235315799713135 0.059165697831373945 0.04121233866764949 
0 0.10723273570720966 0.6118920399592473 0.04086481607877291 0.05608793405386118 
0 0.8734904069166917 0.7583964054401104 0.06127372154822716 0.03138021322397085 
0 0.2511167801343478 0.710416316986084 0.07892353718097393 0.06215792435866136 
0 0.2081540868832515 0.7602460567767804 0.20718083931849554 0.2605584951547476 
0 0.1430894549076374 0.8308429718017578 0.07148644557366005 0.09274761493389423 
0 0.43558260110708386 0.8909889734708346 0.1901249518761268 0.09260405026949368 
0 0.4672398200401893 0.931126961341271 0.0533442130455604 0.059349353496844955 
0 0.6314617487100455 0.9104781882980695 0.19678919131939226 0.17904362283073938 
0 0.07714786208592929 0.8837555005000188 0.05370842035000141 0.06830457540658805 
0 0.8346396226149339 0.9696751373031964 0.10230357830341046 0.06064972482048548 
0 0.4902694592109093 0.953596995283778 0.2519684938284067 0.09280600885932262 
0 0.23041840700002816 0.9697534853162674 0.08002644318800706 0.06049302879434366 
