0 0.8203032566950872 0.14647434307978704 0.07392149705153245 0.0921016473036546 
0 0.11578088998794556 0.23548049193162185 0.05024424883035513 0.043325644273024336 
0 0.9570067477627442 0.15996910058535063 0.08598650390138993 0.07608694296616775 
0 0.24464963949643648 0.26806077590355504 0.13211813339820275 0.18122544655433068 
0 0.5252202474153959 0.2656268614989061 0.059027598454402044 0.055132224009587213 
0 0.003441448395068829 0.3396270275115967 0.006882896790137658 0.04629168143639198 
0 0.7909757907573993 0.2883152411534236 0.04207479036771334 0.03839749556321364 
0 0.425553927054772 0.33972293597001296 0.0773308460529034 0.08699943469120906 
0 0.7231999910794772 0.3521950886799739 0.10191800044133113 0.16040426034193772 
0 0.8406127049372747 0.388728325183575 0.06396073561448318 0.08153724670410156 
0 0.6067103422605075 0.4877153910123385 0.07811799416175255 0.11025260044978215 
0 0.9510904458852915 0.509271346605741 0.0956561748798077 0.09024425653310922 
0 0.3968250659795908 0.5911775185511663 0.23199262985816368 0.2609983224135179 
0 0.02292874684700599 0.09931146640043992 0.04585749369401198 0.10979963265932523 
0 0.836118037884052 0.6029870326702411 0.09693439190204327 0.11900014143723708 
0 0.8856102870060847 0.7311808145963229 0.09435594998873197 0.09011085216815655 
0 0.7151271013113168 0.05592937882129963 0.03813046675461989 0.0952416887650123 
