0 0.05410990348229042 0.07035897442927727 0.07475935495816745 0.09499357067621671 
0 0.7894728000347431 0.033892926115256086 0.05129711444561298 0.044186892417761 
0 0.6627480250138503 0.09247916478377122 0.13319884813748872 0.18495832956754243 
0 0.3751553938939021 0.14007718746478742 0.06015839943519005 0.056386507474459134 
0 0.9308636738703802 0.11970753853137676 0.02597955557016226 0.048104011095487155 
0 0.10673091044792762 0.21223854101621187 0.042903478328998275 0.039239975122305065 
0 0.488984438089224 0.19876595643850473 0.07844191331129807 0.08948901983407828 
0 0.1862875589957604 0.2661549128018893 0.1022350421318641 0.1663062755878155 
0 0.0719195489700024 0.32555545293367827 0.06463944453459519 0.08414521584144005 
0 0.32712470568143404 0.3855304534618671 0.07867937821608323 0.11404906786405124 
0 0.013384612706991343 0.4708972710829515 0.026769225413982686 0.09232851175161508 
0 0.5584579614492563 0.4545439940232497 0.23532573993389422 0.26846709618201625 
0 0.11065930128097534 0.5471533628610464 0.09807759981888992 0.12269078768216647 
0 0.0804224954201625 0.6892827474153959 0.09611391562681931 0.09222932962270883 
0 0.14734608851946318 0.003430848797926536 0.03736551908346323 0.006861697595853072 
