0 0.8323839260981634 0.1266274406359746 0.07362871903639573 0.08429836309873141 
0 0.10880837532190177 0.09027103965099041 0.05050520713512714 0.03930567319576557 
0 0.9623503683564755 0.1622565067731417 0.07529926271392749 0.06897546694828914 
0 0.23346271881690392 0.14169935079721305 0.13119851625882661 0.16617221098679763 
0 0.5164190255678617 0.18643160049731916 0.05923311526958759 0.05012756127577562 
0 0.7804959003741925 0.25170715038593 0.042242857126089245 0.034890211545504056 
0 0.40436541117154634 0.23765374146975005 0.07724780302781326 0.07945906198941745 
0 0.7021701886103704 0.2989046390240009 0.10071703103872445 0.14741956270658052 
0 0.814663813664363 0.3520380900456355 0.06366333594689003 0.0746625019953801 
0 0.5634938386770395 0.4036023983588585 0.0775003433227539 0.10114563428438626 
0 0.9069346647996169 0.4810005518106314 0.09596780630258414 0.08207412866445687 
0 0.33580719507657564 0.46328797707190883 0.23174333572387695 0.23837713094858023 
0 0.03609564441900987 0.0002701710909605026 0.04575476738122793 0.0005403421819210052 
0 0.7763740466191218 0.547640873835637 0.09659290313720703 0.1088857650756836 
0 0.8060185725872333 0.6734069677499624 0.09463728391207181 0.08197887127216046 
0 0.7407253338740423 0.03503116965293884 0.03684051220233624 0.07006233930587769 
