0 0.7866905285761907 0.056592622628578775 0.06423532045804538 0.08692968350190383 
0 0.12440696129432091 0.0925362637409797 0.044835182336660534 0.039723602625039905 
0 0.9154748549828162 0.08027908435234657 0.0809023196880634 0.06958803763756385 
0 0.24262630022489107 0.13438918040348932 0.11379399666419396 0.17205645487858698 
0 0.5044005650740403 0.15279419605548566 0.052415004143348105 0.05091949609609751 
0 0.007690542592452123 0.18671350295727068 0.015381085184904246 0.04453261081988995 
0 0.7508570230924166 0.1949994839154757 0.037416238051194414 0.035390652143038236 
0 0.407029940531804 0.21883821487426758 0.06776784016535832 0.08154689348660983 
0 0.6838351029616135 0.25328402335827166 0.08652701744666466 0.15342380450322077 
0 0.791135311126709 0.2982048804943378 0.055467385512131914 0.07707049296452449 
0 0.5671020471132718 0.37895919726445126 0.06709461945753831 0.10484515703641452 
0 0.8869426433856671 0.42587579213655913 0.08488537715031551 0.08342152375441331 
0 0.36519663150493914 0.4659309937403752 0.20330341045673078 0.24464068045982948 
0 0.0453632095685372 0.002001086249947548 0.037869739990967974 0.004002172499895096 
0 0.7741254293001615 0.5102297342740573 0.08434097583477314 0.11221012702355018 
0 0.8126067381638747 0.64095873099107 0.0836649674635667 0.08338572428776668 
0 0.6940321188706619 0.0027206514317255756 0.030225533705491286 0.005441302863451151 
