0 0.9007492432227502 0.16759905906823966 0.06843999715951773 0.08043794448559101 
0 0.18917028720562273 0.19659011180584246 0.04790936983548678 0.036653298598069414 
0 0.9978418715584737 0.1904890353863056 0.004316256309931095 0.0641936155465933 
0 0.31586816677680385 0.23630346701695368 0.12112234188960148 0.15929708114037147 
0 0.5969102382659912 0.2551725094134991 0.05597910514244667 0.04701775770920973 
0 0.059747968728725724 0.28336843160482555 0.023101792885706976 0.04128160843482384 
0 0.8613417331988995 0.2960723363436185 0.03996695004976713 0.03267222184401292 
0 0.49188828468322754 0.3159389312450702 0.07227131036611703 0.07540677143977238 
0 0.7889680495628943 0.34982595993922305 0.091949096092811 0.14214642231280988 
0 0.9039176427401029 0.3923192941225492 0.05908474555382362 0.07132497200599083 
0 0.6627531418433557 0.46591745890103853 0.07139301300048828 0.09708510912381686 
0 0.9803237913606259 0.511690066410945 0.03935241670562671 0.07703590393066406 
0 0.4453142606295072 0.5454459006969745 0.2168138944185697 0.22622031431931716 
0 0.10521460496462308 0.06410004771672763 0.03997934781588041 0.09903419476289016 
0 0.8842387932997483 0.5893805577204778 0.0898744876568134 0.1038209475003756 
0 0.9247016539940467 0.7112113879277155 0.0893399898822491 0.0770107416006235 
0 0.8018757379972018 0.07626475508396442 0.03185881101168119 0.08611637353897095 
