0 0.5575695404639611 0.159757517851316 0.40201663970947266 0.10061074220217191 
0 0.8508806228637695 0.22503606172708365 0.03256709759051983 0.044933594190157376 
0 0.5521523218888503 0.19792189047886774 0.04416836225069486 0.03597859235910269 
0 0.4496567432697003 0.21224537262549767 0.04188728332519531 0.040805963369516224 
0 0.3610345216897818 0.21633704809042123 0.03611318881695087 0.06550251520597018 
0 0.1823199804012592 0.23856531656705415 0.040479458295381986 0.04066603000347431 
0 0.6477878643916204 0.31708640318650466 0.07970289083627555 0.02940258612999549 
0 0.6009283799391526 0.31629875073066127 0.04022891704852764 0.18468304780813363 
0 0.4060502785902757 0.31627877858968884 0.0461730223435622 0.055130756818331204 
0 0.19608690188481256 0.3108890331708468 0.05200939912062425 0.04433916165278508 
0 0.7033798327812781 0.3703459409567026 0.2029863871060885 0.04923846171452449 
0 0.8260042483990009 0.4083370062021109 0.05414772033691406 0.06476813096266526 
0 0.5846144052652212 0.4449767149411715 0.08364086884718674 0.08033506686870868 
0 0.37237000465393066 0.43419981002807617 0.0682974962087778 0.053539422842172474 
0 0.29951037810398984 0.4643701590024508 0.06815475683945876 0.0787957631624662 
0 0.7984276184668908 0.535895457634559 0.03785976996788612 0.05556796147273137 
0 0.6004665814913236 0.5381492101229154 0.03712008549616887 0.06181196066049429 
0 0.6550425382760855 0.5603454663203313 0.07271685967078576 0.06914102114163913 
0 0.48571960742657 0.6015686071836032 0.06607869955209586 0.07227175052349384 
0 0.7719824497516339 0.6390545184795673 0.05549335479736328 0.05100308931790865 
0 0.5674454248868502 0.6225933478428767 0.03524904984694261 0.043936692751370944 
0 0.31926551231971156 0.601793857721182 0.06929529630220853 0.07638201346764198 
0 0.3400717148414025 0.6748172686650202 0.08450508117675781 0.10190090766319862 
0 0.24279745725484994 0.6664380660423865 0.07538980704087478 0.09467719151423527 
0 0.8898046566889837 0.7501036937420185 0.03960616771991436 0.04563324268047626 
0 0.5392537483802209 0.7152580114511343 0.10146141052246094 0.11748519310584435 
0 0.48508779819195086 0.7163242926964393 0.043829697829026446 0.04605322617750902 
0 0.9124286724970891 0.8465295204749475 0.045103880075307995 0.04491629967322716 
0 0.9641267703129694 0.8826307883629432 0.04100498786339393 0.07230641291691707 
0 0.6618613463181716 0.9028984950138972 0.041405897874098554 0.07613680912898137 
0 0.8505825996398926 0.9345588684082031 0.028004793020395134 0.05458831787109375 
0 0.478513240814209 0.9014444717994103 0.10248646369347206 0.06072843991793119 
0 0.7080616584190955 0.9371631328876202 0.04481843801645132 0.0954289069542518 
0 0.7445408747746394 0.9621802108505597 0.03724465003380409 0.07563957772575892 
