0 0.5803603759178748 0.17690594838215754 0.4159087401169997 0.07831488205836369 
0 0.26845359802246094 0.2012008153475248 0.031054276686448317 0.0439612315251277 
0 0.5803594405834491 0.21589047175187331 0.04390698212843675 0.03409398519075834 
0 0.6839186961834247 0.24459505998171294 0.04115992326002855 0.0391702468578632 
0 0.7746741588299091 0.2611079491101779 0.03331147707425631 0.06477959339435284 
0 0.9556453778193548 0.3084071691219623 0.0396881837111253 0.039113173118004434 
0 0.4643363585838905 0.3218492544614352 0.08177896646352914 0.025196625636174128 
0 0.5127557424398569 0.32762463276202863 0.02909546632033128 0.18641006029569185 
0 0.7136446145864633 0.3549041564647968 0.044643402099609375 0.0535577260530912 
0 0.9308697260343112 0.378918482707097 0.0515601084782527 0.04216476587148813 
0 0.3992362389197716 0.36740668003375715 0.2101128651545598 0.03794541725745568 
0 0.26727163791656494 0.38828092354994553 0.05234555097726675 0.06292603566096379 
0 0.5107411604661208 0.45879459381103516 0.08227076897254357 0.0770428730891301 
0 0.7311060245220478 0.4777326767261212 0.06804363544170673 0.050577787252572864 
0 0.8017965463491586 0.5181579956641564 0.06608185401329628 0.07641535538893479 
0 0.2770308072750385 0.5199072727790246 0.03586213405315693 0.054513087639441855 
0 0.48076493923480695 0.5498960751753587 0.03463591062105619 0.060943860274094805 
0 0.42125808275662935 0.5644826705639179 0.07157604510967548 0.06626286873450646 
0 0.5897682446699876 0.6294916226313665 0.06436469004704402 0.0698703619150015 
0 0.28919440049391526 0.6269365640786978 0.0547490486731896 0.048766759725717396 
0 0.5024460829221286 0.6391015419593225 0.03394864155695988 0.042777721698467545 
0 0.7613209944504958 0.6530349804804876 0.06745543846717247 0.07387726123516376 
0 0.7291867916400616 0.7232610629155085 0.0816334944504958 0.0990447264451247 
0 0.8306861290564904 0.7284950476426345 0.07255788949819711 0.09221451099102314 
0 0.1514882674584022 0.7216590001032903 0.038412864391620345 0.044246526864858776 
0 0.5179457847888653 0.7358642724844126 0.09836244583129883 0.11394559420072116 
0 0.573625582915086 0.7445201140183669 0.04282800967876728 0.04441760136530949 
0 0.1140552805020259 0.8150703356816218 0.04425064417032095 0.043177164517916165 
0 0.05548017529340891 0.8439874282250037 0.03797202385388888 0.07143864264855018 
0 0.3640979803525485 0.9066305894118089 0.03811927942129282 0.0753314678485577 
0 0.1649253093279325 0.9119047018197867 0.02556014060974121 0.05411368149977464 
0 0.5533113112816443 0.9308585753807654 0.10351203038142277 0.05583975865290715 
0 0.3114588260650635 0.9344782462486854 0.04032732890202449 0.09485215407151443 
0 0.2691708069581252 0.958369658400233 0.032772412666907676 0.08326068262641247 
