0 0.5155161527486948 0.036246416660455555 0.3794897152827336 0.07249283332091111 
0 0.7955765357384315 0.08331145002291752 0.02927090571476863 0.045712136305295505 
0 0.511885954783513 0.06955207769687359 0.04069647422203651 0.03570405336526724 
0 0.41547546019920933 0.08947399946359488 0.03832732714139498 0.04090191767765926 
0 0.3317897136394794 0.09804959480579083 0.03183115445650541 0.06720135762141301 
0 0.163577689574315 0.1299213171005249 0.03698986310225267 0.040824394959669844 
0 0.6070353251237136 0.1891937255859375 0.07485862878652719 0.02701392540564904 
0 0.5626704326042762 0.1906500091919532 0.0309906372657189 0.1925298158939068 
0 0.378294431246244 0.20010219170497015 0.04184282743013822 0.05577749472398024 
0 0.17943584001981294 0.20468688011169434 0.04784231919508714 0.044121045332688555 
0 0.6617175432351919 0.24204191794762245 0.19167463596050555 0.04178817455585186 
0 0.779221351330097 0.2757064745976375 0.049065003028282754 0.06553275768573467 
0 0.5522764462691087 0.3256561847833487 0.07657817693857047 0.08046562855060284 
0 0.3510486896221454 0.32473291800572324 0.06301270998441257 0.05300325613755446 
0 0.28329769464639515 0.3597427148085374 0.06186637511620155 0.07961280529315655 
0 0.7581278360806979 0.4100924271803636 0.03389468559852013 0.056650601900540866 
0 0.5709241536947397 0.42206600996164173 0.03293936069195087 0.06326422324547401 
0 0.623428253027109 0.44256410231957066 0.0666046509375939 0.06921698496891902 
0 0.464845767387977 0.4937912684220534 0.06014677194448618 0.07284410183246319 
0 0.7371490185077374 0.5189744875981257 0.05089921217698317 0.05096728985126202 
0 0.5429905928098239 0.5117476903475248 0.03186941146850586 0.044528961181640625 
0 0.30737146964439976 0.5021175604600173 0.06305093031663161 0.07701389606182392 
0 0.32991688068096453 0.5772707278911884 0.07653999328613281 0.10313796997070312 
0 0.23755695269658014 0.5732595920562744 0.06813320746788612 0.09598170793973483 
0 0.852971443763146 0.6290731980250432 0.03595807002140926 0.04609977282010592 
0 0.5199482991145208 0.6097688674926758 0.09209258739764874 0.11871132483849159 
0 0.4687433426196759 0.6135139832129846 0.03997043462900015 0.046332359313964844 
0 0.8781534341665415 0.7285471696120042 0.04123144883375902 0.04507167522723858 
0 0.9284794880793645 0.7636882341825045 0.03622568570650541 0.07412514319786659 
0 0.6432985159067007 0.7995208960313064 0.03645486098069411 0.07813974527212289 
0 0.8230889393733098 0.8233694296616775 0.024532611553485576 0.05610796121450571 
0 0.46977492479177624 0.8069168604337252 0.09534061872042142 0.058878605182354264 
0 0.688351191007174 0.8330136445852426 0.03893881577711839 0.09829073685866135 
0 0.7241181960472693 0.864625490628756 0.03194581545316256 0.09255013099083534 
0 0.7083362432626578 0.9650614810391114 0.08127828744741586 0.06987703734865555 
0 0.6783393346346341 0.9916516449302435 0.034849973825307995 0.01669670956639143 
