0 0.46952708867880016 0.09473337347690876 0.4100104295290433 0.07117198522274311 
0 0.16288148439847505 0.13738232392531174 0.02974902666532076 0.04476704964270958 
0 0.4715577272268442 0.13496951873485857 0.04269834665151743 0.034247361696683444 
0 0.5752863883972168 0.1587606851871197 0.039863219627967246 0.03956730549152081 
0 0.66574004980234 0.17069016511623675 0.03151138012225811 0.06626317134270301 
0 0.846858024597168 0.2093112010222215 0.038407399104191706 0.03954328023470365 
0 0.3625425375424899 0.25086721090170055 0.08039690898014949 0.02413641489469088 
0 0.4106426789210393 0.25409984588623047 0.02457739756657527 0.19226749126727766 
0 0.610380062690148 0.27093625985659087 0.042985696059006914 0.054377464147714466 
0 0.8260741967421311 0.28348217560694766 0.05009247706486629 0.0424195986527663 
0 0.30065032152029186 0.3015552300673265 0.2071698628939115 0.034280043381911054 
0 0.17146381048055795 0.33053505420684814 0.050399028337918796 0.06389168592599723 
0 0.41548945353581357 0.3895944081819974 0.07970743912916917 0.07779260782095102 
0 0.6340186779315655 0.39672420575068545 0.06622167733999398 0.0507360971890963 
0 0.7059103892399714 0.43446436295142543 0.06369326664851262 0.07752818327683669 
0 0.1879573051746075 0.46583725855900693 0.03426984640268179 0.05557522406944862 
0 0.39064469704261195 0.4853095824901874 0.03290983346792368 0.062261177943303034 
0 0.3326602073816153 0.5037173307858981 0.06936328227703388 0.06688825900738056 
0 0.5023997196784387 0.5613188009995681 0.06214152849637545 0.07079410552978516 
0 0.20554260107187125 0.5756173133850098 0.0530999623812162 0.04917768331674429 
0 0.4166968052203839 0.5761573314666748 0.03264155754676232 0.04347313367403471 
0 0.6729819958026593 0.5759519980503962 0.06511072012094352 0.07486816552969125 
0 0.6449189919691819 0.6502431906186618 0.07857726170466496 0.10058267299945538 
0 0.7453910754277155 0.6499263139871451 0.0697465309729943 0.09372832224919246 
0 0.07453650694627029 0.6811395791860727 0.03702823932354267 0.04488724928635817 
0 0.4370404940385085 0.675153218782865 0.0948023062485915 0.11560924236591046 
0 0.49245819678673375 0.6809496512779822 0.04139577425443209 0.04495928837702824 
0 0.04245084524154663 0.7796589778019831 0.042832447932316706 0.043641310471754804 
0 0.0020601571752474858 0.8128047723036546 0.0041203143504949715 0.07304536379300632 
0 0.29406227515294003 0.8600701918968787 0.036032254879291244 0.07707133659949669 
0 0.09771554286663349 0.8767359073345478 0.024078974357018106 0.05540686387282152 
0 0.4821146084712102 0.8744149208068848 0.10121932396521935 0.05533915299635667 
0 0.24354854913858268 0.8917778455294095 0.03777546149033766 0.09722548264723557 
0 0.20320655749394342 0.9219751358032227 0.030419643108661357 0.09173730703500602 
0 0.2150068191381601 0.9947819708345028 0.08424735069274902 0.010436057757872801 
