0 0.4206186532974243 0.07976738306192252 0.3332236913534311 0.07505279320936936 
0 0.1737074851989746 0.12567712251956648 0.02524280548095703 0.04376786488753099 
0 0.42334296153141904 0.11868900977648221 0.03542349888728215 0.03378364673027626 
0 0.507892737021813 0.14015763998031616 0.033275787646953874 0.03888879372523381 
0 0.5813849522517278 0.15034316594784075 0.027245008028470553 0.06459539670210618 
0 0.7289366722106934 0.18500206103691688 0.03209869678203876 0.03884361340449406 
0 0.3382719480074369 0.23253152920649603 0.0656139667217548 0.02456811758188101 
0 0.3772689745976375 0.23493608144613412 0.02503094306358924 0.18642023893503043 
0 0.5392970121823825 0.24822483612940863 0.03619718551635742 0.05326709380516639 
0 0.7141177837665265 0.25711952722989595 0.04161820044884315 0.04180310322688176 
0 0.2895675622499906 0.28253495693206787 0.16832582767193133 0.03629532227149376 
0 0.18584258739764875 0.31253713827866775 0.042443385491004355 0.06258542721088116 
0 0.38483225382291353 0.3660340125744159 0.06649996684147762 0.07647870137141301 
0 0.5618007916670579 0.3696426795079158 0.05487504372229943 0.05009383421677809 
0 0.6209714412689209 0.40509504538315994 0.05355251752413236 0.07598132353562576 
0 0.20282216255481428 0.4432733425727257 0.029186523877657376 0.054294696220984824 
0 0.3673074245452881 0.45906943541306716 0.028267383575439453 0.06074391878568209 
0 0.32089632291060227 0.47776374450096715 0.057848068384023815 0.06577099286592923 
0 0.45975380677443284 0.5309689044952393 0.05211764115553636 0.06944161195021409 
0 0.21999882734738863 0.549285338475154 0.04423014934246357 0.048388040982759915 
0 0.3908242995922382 0.5466256141662598 0.02754530539879432 0.04255940363957332 
0 0.5981379472292386 0.5425641903510461 0.0546264281639686 0.07342877754798302 
0 0.5774338245391846 0.6149077415466309 0.06619970615093525 0.09851463024432842 
0 0.658701126392071 0.6130867004394531 0.05887963221623348 0.09174889784592849 
0 0.11685960567914523 0.6534149463360126 0.03112799387711745 0.04399387653057392 
0 0.4099424068744366 0.6421560324155368 0.07971448164719802 0.11329999336829552 
0 0.4549277745760404 0.6469322718106784 0.03465909224290114 0.04412966508131761 
0 0.09355274301308852 0.7492742905249963 0.035784560900468096 0.04287595015305739 
0 0.04888602632742662 0.7822111569918119 0.03103406154192411 0.07122553311861478 
0 0.2992527943391066 0.8233274313119742 0.031188763104952298 0.07512224637545072 
0 0.14086825114030105 0.8424205780029297 0.02094725462106558 0.053978259746844955 
0 0.4517613924466647 0.8343800764817458 0.08327880272498497 0.05507571880634014 
0 0.2592426813565768 0.8547845620375413 0.033139485579270586 0.09465078207162711 
0 0.2274202566880446 0.8846263151902419 0.02704796424278846 0.08922914358285758 
0 0.2399919033050537 0.9746323730796576 0.0704952753507174 0.050735253267563306 
