0 0.2062209386091966 0.3688340187072754 0.057849884033203125 0.04582705864539513 
0 0.13335150938767654 0.39358874467703014 0.058616308065561146 0.0521855354309082 
0 0.4226102278782771 0.5304038341228778 0.05507744275606596 0.05802462651179387 
0 0.222115892630357 0.526862254509559 0.07174090238717887 0.043743133544921875 
0 0.16359734993714553 0.5533480460827167 0.041395288247328535 0.05010821269108699 
0 0.004133539704176096 0.5351187999431903 0.008267079408352192 0.05051444127009465 
0 0.1915593697474553 0.6354214961712177 0.03467970628004808 0.05305781731238732 
0 0.044360422171079196 0.6521001962515024 0.08872084434215839 0.07541524446927585 
0 0.004518532409117772 0.7482955272381122 0.009037064818235544 0.058950057396521933 
0 0.27838666622455305 0.7968451793377216 0.09489771036001352 0.07160018040583684 
0 0.2640491724014282 0.8312405806321365 0.053391364904550404 0.04403613163874699 
0 0.2997709787808932 0.969727479494535 0.04820860349214994 0.059702433072603665 
