0 0.24321124186882606 0.42350088633023775 0.05091602985675518 0.045012437380277194 
0 0.18003489420964167 0.4453105192918044 0.05192785996657152 0.051068672767052285 
0 0.41742557745713454 0.5833610938145564 0.04931996418879582 0.05651976512028621 
0 0.24768249805157 0.5749030663416936 0.06237451846782978 0.0433959594139686 
0 0.196571762745197 0.5987299405611478 0.03744912147521973 0.04864795391376202 
0 0.051379889249801636 0.5769455249492939 0.03161868223777184 0.04885057302621695 
0 0.21559806970449594 0.6778608102064866 0.03202342987060547 0.05127312586857723 
0 0.005608956974286299 0.6403400897979736 0.011217913948572598 0.06439425395085262 
0 0.08706513734964225 0.6899885764488807 0.08392075391916129 0.07407877995417668 
0 0.032266034243198544 0.7804331045884353 0.04710922848719817 0.0573274905865009 
0 0.2800002281482403 0.8343024620643029 0.0833136851970966 0.07044498737041767 
0 0.2658880857320932 0.8668053333575909 0.047093978294959433 0.04319609128511869 
0 0.2882782771037175 0.9855350713030651 0.04369194690997784 0.028929856820748404 
