0 0.2857668399810791 0.30462417235741246 0.05345781032855694 0.049472111922044024 
0 0.2292202069209172 0.34919801125159633 0.05442461600670448 0.05636787414550781 
0 0.5138831688807561 0.4200171690720778 0.051543052379901595 0.06271875821627103 
0 0.051760855775613054 0.4924654960632324 0.03985636280133174 0.042139640221228965 
0 0.33995126760922945 0.46714234352111816 0.06570564783536471 0.04715050183809721 
0 0.29623255362877476 0.5099003131573017 0.03903110210712139 0.05418880169208233 
0 0.14268383154502282 0.5344489537752591 0.032810440430274375 0.05465999016394982 
0 0.34138057782099795 0.5893067946800818 0.033197219555194564 0.0574183097252479 
0 0.10278062637035663 0.6230817758120023 0.041544822546151966 0.07211762208205003 
0 0.21575632462134728 0.645065399316641 0.08811220755943885 0.08141308564406174 
0 0.10948266891332772 0.7641911139855018 0.04936419083521916 0.06511380122258113 
0 0.19017617519085223 0.7612075438866248 0.04917082419762245 0.0637347148014949 
0 0.45764846068162185 0.7374106553884653 0.08753211681659405 0.07727556962233323 
0 0.4540831675896278 0.7772977902339056 0.04941606521606445 0.04754822070782001 
0 0.5203739312978891 0.9141914661114032 0.045515794020432696 0.06456903310922477 
0 0.11263833137658927 0.9708146680719577 0.04660522937774658 0.05837066328296295 
