0 0.20877076112307036 0.3032505512237549 0.04870145137493427 0.042382423694317155 
0 0.14677243966322678 0.3325210718008188 0.04911716167743389 0.04874442173884465 
0 0.40198980844937837 0.4497165863330548 0.04579305648803711 0.054868147923396185 
0 0.22862913058354303 0.45911614711468035 0.06091800102820763 0.03935934947087215 
0 0.17909679046043983 0.4891807299393874 0.034157973069411054 0.04779144433828501 
0 0.029338824061247017 0.482196202644935 0.028008128588016216 0.048666770641620345 
0 0.20643677161290094 0.5688614845275879 0.028174381989699144 0.05121157719538762 
0 0.07703905953810765 0.5951162484975961 0.0802825941489293 0.06973618727463943 
0 0.0304967279617603 0.6943665651174692 0.04338298852627094 0.05598163604736328 
0 0.28771097843463606 0.7235286419208233 0.0800331922677847 0.0659189957838792 
0 0.2766568935834445 0.7585997948279748 0.04487850115849422 0.040871840256911054 
0 0.31288779698885405 0.8937876041118915 0.03972636736356295 0.05701593252328726 
