0 0.15419892164377066 0.3621821220104511 0.05478668212890625 0.05024532171396109 
0 0.09999092267109798 0.4085508860074557 0.05606028666863075 0.05686246431790865 
0 0.3862482951237605 0.4607807489541861 0.05353194016676683 0.06273221969604492 
0 0.2154354865734394 0.5163388252258301 0.0666956167954665 0.0487665763268104 
0 0.1739005446434021 0.5602161150712234 0.04085259254162128 0.05387265865619366 
0 0.022333153451864537 0.5927612598125751 0.03477080223652033 0.05395038311298077 
0 0.2223884600859422 0.6344680235936091 0.035280246001023516 0.056597306178166315 
0 0.004375695036007808 0.6808104148277869 0.008751390072015615 0.07107749352088341 
0 0.10000061759581932 0.6956144846402682 0.09029645644701444 0.08269376021165115 
0 0.012738253061587993 0.8169694680434006 0.025476506123175986 0.06488088461068961 
0 0.07982444304686326 0.8094626573415903 0.051252080843998835 0.06355747809776893 
0 0.34470418783334583 0.771122565636268 0.08953233865591195 0.07872346731332633 
0 0.34296521773705113 0.8099229885981634 0.05073008170494667 0.048174417935884915 
0 0.41507917184096116 0.9385913702157828 0.047704880054180436 0.06413342402531551 
0 0.01834452610749465 0.9938078658798566 0.0366890522149893 0.01238426766716517 
