0 0.5638293669773982 0.1517027524801401 0.09865449025080754 0.08230829238891602 
0 0.2751181950935951 0.3166330410883977 0.06053394537705641 0.08761149186354417 
0 0.6168811321258545 0.3125982376245352 0.03293877381544847 0.05589938163757324 
0 0.06520775992136735 0.39438885908860427 0.06034821042647728 0.07183126302865836 
0 0.13467099574896005 0.38729896912207973 0.09783806250645564 0.07434437825129582 
0 0.9064105474031888 0.312553543310899 0.06116463587834285 0.07979526886573204 
0 0.000618531798514036 0.43186763616708607 0.001237063597028072 0.09499278435340294 
0 0.5037569449498103 0.40729962862454927 0.0907879976125864 0.089385986328125 
0 0.15436289860652044 0.4510084849137526 0.13801255592933068 0.1309822155879094 
0 0.42208579870370716 0.4236828363858737 0.09888986440805289 0.11254134544959435 
0 0.22737144506894624 0.05058154177207213 0.11801174970773551 0.08953777757974771 
0 0.0469151665814794 0.47270503410926235 0.0922351572662592 0.08953373248760517 
0 0.5760409098405105 0.4562527399796706 0.047732096451979414 0.07448398149930514 
0 0.8589156590975248 0.43408663456256574 0.13927393693190354 0.11534980627206656 
0 0.31994489523080677 0.4971449925349309 0.3099403381347656 0.25754547119140625 
0 0.6484481371366061 0.46361569257882923 0.11475885831392728 0.09971328882070687 
0 0.09039219984641442 0.525939574608436 0.08707727835728572 0.08112665323110727 
0 0.5474693591778095 0.49135804176330566 0.07197504777174729 0.08746583645160382 
0 0.05169056449085474 0.5620788244100717 0.0989762732329277 0.09941581579355094 
0 0.15263254367388213 0.562505685366117 0.08563009592202994 0.08097890707162711 
0 0.49732659413264346 0.5300062436323899 0.08582863440880409 0.13879031401414138 
0 0.7427114706773025 0.5130078425774207 0.05443639021653395 0.11194438200730544 
0 0.45186554468595064 0.04376267097317255 0.06586467302762546 0.06976750091864513 
0 0.9940666050578539 0.5159152104304388 0.011866789311170578 0.10560321807861328 
0 0.857049245100755 0.5442565037653997 0.10078202761136569 0.08909262143648587 
0 0.6647142630357009 0.5652287923372709 0.12481535398043118 0.15590396294227013 
0 0.5716019777151254 0.5841209705059345 0.10670669262225811 0.09101075392503005 
0 0.245226291509775 0.6241392172299899 0.08664512634277344 0.14675430151132438 
0 0.9357893283550556 0.5563379801236666 0.07120822026179387 0.09395474653977615 
0 0.3146030811163095 0.6304702391991248 0.06776969249431904 0.08835007594181941 
0 0.4297444270207332 0.6267653428591214 0.11839602543757512 0.16312932968139648 
0 0.019173114345623896 0.6768276141240046 0.03834622869124779 0.0646059329693134 
0 0.3566201099982628 0.6409349991725042 0.06233959931593675 0.07728829750647911 
0 0.7604248340313251 0.6144732511960543 0.0449371337890625 0.10309428435105544 
0 0.13132245265520537 0.682707456442026 0.12195782478039081 0.12803026346059945 
0 0.3354627535893367 0.06369081827310416 0.04510989555945763 0.0768431700192965 
0 0.8840265274047852 0.6219758070432223 0.15175408583420974 0.11136982991145207 
0 0.5242303518148569 0.664063967191256 0.09618124595055214 0.12802608196551984 
0 0.7949835703923152 0.6377701759338379 0.04868463369516226 0.08377522688645583 
0 0.3798866822169377 0.7109857339125413 0.06826426432682918 0.07920639331524189 
0 0.6594588756561279 0.6851330720461332 0.13169248287494367 0.167113340817965 
0 0.6084500642923208 0.7010690982525165 0.08067090694720928 0.13038327143742487 
0 0.8073900662935697 0.6874699592590332 0.10728777371920072 0.06874165168175331 
0 0.8883441411531888 0.6926193604102502 0.08576620542086087 0.082306275000939 
0 0.06869237468792842 0.10030773282051086 0.041621662103212796 0.056785597251011774 
0 0.15432973091418928 0.793020982008714 0.06497465647183932 0.11696023207444411 
0 0.8056836495032678 0.7278804779052734 0.06966180067795974 0.06490135192871094 
0 0.030970963147970345 0.8148734019352839 0.06194192629594069 0.17566812955416167 
0 0.22013188325441801 0.7930107850294846 0.09259376159081092 0.07906282865084134 
0 0.9708174557353442 0.7223929992088904 0.05836508795619011 0.1269982411311223 
0 0.877064741574801 0.7822906053983248 0.06848680056058444 0.06740834162785457 
0 0.647784214753371 0.8137397766113281 0.12902072759775016 0.15501976013183594 
0 0.7695306264437162 0.8174081215491662 0.18520025106576773 0.20015687208909255 
0 0.04108234853125536 0.9293125225947454 0.0789386615730249 0.08554979471059945 
0 0.8275545193598821 0.9562246247839469 0.05470855419452374 0.08755074985898458 
0 0.8648218741783729 0.9475939822598145 0.06539579538198617 0.1048120349072493 
0 0.17005544442396897 0.14763404772831842 0.039234858292799726 0.08937788009643555 
0 0.1088301012149224 0.17802494305830735 0.07825828057069045 0.07891308344327487 
