0 0.5332910280961257 0.21197149386772743 0.07840864474956806 0.0707702453319843 
0 0.27471043513371396 0.33540765138772816 0.04538183945875902 0.07907377756558932 
0 0.5616539625021127 0.3691747005169208 0.02408882287832407 0.05093046335073618 
0 0.09092965722084045 0.38549001400287336 0.046383486344264105 0.06392926436204177 
0 0.1498788961997399 0.38645445383512056 0.07829546928405762 0.06318792930016151 
0 0.8044044421269343 0.4009547233581543 0.04649683145376352 0.07151156205397385 
0 0.015498810089551486 0.4078330076657809 0.030997620179102972 0.0822441761310284 
0 0.457322909281804 0.44583740601172817 0.07115323726947491 0.0782319949223445 
0 0.1600072979927063 0.44855743188124436 0.10852486353654128 0.11421882189237155 
0 0.3872074714073768 0.45227446922889125 0.0763864517211914 0.09979556157038762 
0 0.2613284862958468 0.07985552686911362 0.09444953845097469 0.07608631482491127 
0 0.06774814770771907 0.45716023445129395 0.0723813405403724 0.07825209544255184 
0 0.005263933768639198 0.4833345413208008 0.010527867537278395 0.041825294494628906 
0 0.5130234498244065 0.49983776532686675 0.03538711254413311 0.06753958188570462 
0 0.7524103017953726 0.5100743403801551 0.11075459993802585 0.09909442754892203 
0 0.2942124605178833 0.5101622251363901 0.246411158488347 0.22133750181931716 
0 0.5729932234837458 0.514723172554603 0.09091623012836163 0.0861357542184683 
0 0.09886760895068829 0.5120224769298847 0.06858380024249737 0.07060949618999775 
0 0.002973222675231787 0.5165930527907151 0.005946445350463574 0.06868274395282452 
0 0.4855521825643686 0.5297249647287222 0.05518784889808068 0.07797079819899339 
0 0.06279958669955914 0.5417690093700702 0.07742587419656607 0.08717848704411434 
0 0.14738815564375657 0.5532650947570801 0.06735568780165452 0.07058943234957181 
0 0.43964041196382964 0.5605744765355036 0.06327350323016827 0.1261125344496507 
0 0.6470776337843674 0.5715523499708909 0.03837159963754507 0.10296381436861478 
0 0.00040419120341539383 0.5695285246922419 0.0008083824068307877 0.06250480505136344 
0 0.45023085520817685 0.09811432315753056 0.051258233877328724 0.0614821956707881 
0 0.8763000414921687 0.604375068957989 0.04073355748103215 0.09668548290546124 
0 0.7398100999685434 0.6135183114271897 0.07973106090839092 0.07710889669565055 
0 0.5764527320861816 0.6121097528017484 0.09539303412804237 0.13927213962261492 
0 0.4964935229374812 0.6196497770456167 0.08466243743896484 0.07845299060528095 
0 0.21884654118464544 0.6214275360107422 0.06338673371535081 0.1336948688213642 
0 0.8046168547410232 0.6335389797504132 0.05405411353478065 0.08426930354191707 
0 0.27637898004972017 0.635009032029372 0.051522364983191855 0.07917418846717247 
0 0.3732863756326529 0.6441786289215088 0.08936570240901066 0.14675400807307318 
0 0.019166683921447165 0.6445901210491474 0.03833336784289433 0.056447469271146335 
0 0.3105584749808678 0.6494724750518799 0.047687072020310625 0.06900416887723483 
0 0.6517652364877554 0.6689590307382437 0.03088980454664964 0.0952610602745643 
0 0.11748116979232201 0.6640100845923791 0.0949967962044936 0.11273420774019681 
0 0.3506407921130841 0.10406916187359737 0.03296863115750826 0.07002683327748226 
0 0.7546434035668006 0.6896025217496432 0.12173219827505258 0.09422045487623948 
0 0.4487687624417819 0.6896544236403245 0.07292857536902794 0.1148998553936298 
0 0.6784062752356896 0.6946753721970779 0.03551923311673678 0.0763856447660006 
0 0.3230487291629498 0.7179342416616586 0.05261841187110314 0.07034829946664664 
0 0.5600360540243295 0.7243394484886756 0.10045642119187576 0.14946225973275992 
0 0.5156731788928692 0.7337258779085599 0.05947593542245718 0.11847004523644081 
0 0.6838297477135291 0.7427970812870905 0.08679786095252404 0.05700999039870042 
0 0.004461874755529257 0.10564390283364516 0.008923749511058513 0.05769104682482206 
0 0.7511870310856745 0.7565393447875977 0.06737459622896634 0.0718531975379357 
0 0.12330852563564594 0.10919812550911537 0.03145748835343581 0.05105098394247202 
0 0.12572102363292986 0.7703230197613056 0.047025056985708386 0.10689559349646935 
0 0.6783512555635892 0.7806282043457031 0.05486708420973558 0.0564875969519982 
0 0.02041918497819167 0.7731275925269494 0.04083836995638334 0.15712495950552133 
0 0.18089159635397103 0.7775457822359525 0.07345850651080792 0.06816247793344352 
0 0.8451665364778959 0.7972616782555213 0.09743404388427734 0.11151064359224759 
0 0.7327482150151179 0.839663395514855 0.053676678584172174 0.05899495344895583 
0 0.537365619952862 0.8440509942861704 0.09905851804293118 0.13806871267465445 
0 0.639072271493765 0.8608833092909592 0.14383653494027945 0.17670359978309044 
0 0.02388300345494197 0.886100695683406 0.04776600690988394 0.07554377042330228 
0 0.6724608494685247 0.9789194692499362 0.03840945317195012 0.04216106092700592 
0 0.7030126131497897 0.9728319093298453 0.044001212486853965 0.05433618076718771 
0 0.020177279527370747 0.1426935471021212 0.040354559054741494 0.06425074430612418 
0 0.2035523377932035 0.16486404492304876 0.02701678642859826 0.08256354698768029 
0 0.1491759098493136 0.18672689566245446 0.06119627218980055 0.06922524708967942 
