0 0.3412548487003033 0.22534248462090126 0.08487805953392616 0.07561568113473746 
0 0.9980609598927773 0.313468703856835 0.003878079641323823 0.048044296411367565 
0 0.9612149090434496 0.34808363364293027 0.07757018133997917 0.08104957067049466 
0 0.6205243880932148 0.35826794917766863 0.049368821657620944 0.08459967833298904 
0 0.31170862454634446 0.39368308507479155 0.02626215494596041 0.054503257458026595 
0 0.8187699317932129 0.41240947063152605 0.05035099616417518 0.06837114920982948 
0 0.7552892978374774 0.4132864475250244 0.08470799372746395 0.06749230164747971 
0 0.05047498414149651 0.42708657338069034 0.05052116054754991 0.07649451035719651 
0 0.9867422762685097 0.42617143117464507 0.02651544688985898 0.09815689233633187 
0 0.9290773685161884 0.43661709932180554 0.09174596346341647 0.08789212887103741 
0 0.42455801597008336 0.4760902478144719 0.07711315155029297 0.08362946143517128 
0 0.744776358971229 0.47979209973261905 0.11758261460524339 0.12208678172184871 
0 0.5001114515157846 0.48317219660832333 0.0828853387099046 0.106718870309683 
0 0.633310868189885 0.08452399189655598 0.10218422229473408 0.08126880113895123 
0 0.8441916979276217 0.48925297076885516 0.07843575110802284 0.0836477279663086 
0 0.9519391426673303 0.5175588864546555 0.09216088515061599 0.0445855580843412 
0 0.3649135369520921 0.5337945864750788 0.03853343083308293 0.07226833930382362 
0 0.10716534348634574 0.5441269324376032 0.11988737491460946 0.10587659248938927 
0 0.6006327959207388 0.5454353002401499 0.26673540702232945 0.23648881912231445 
0 0.30042237501878005 0.5495827748225286 0.09844361818753757 0.09204519712007962 
0 0.8110258029057429 0.5479458111983079 0.07429805168738732 0.0754694938659668 
0 0.9262262857877291 0.5531257299276499 0.030626663794884317 0.07351270088782677 
0 0.3946894865769606 0.5658862957587609 0.05992053105280949 0.08339195985060471 
0 0.8500593258784368 0.5799095997443566 0.0839242935180664 0.09319807932927059 
0 0.7590327996474046 0.5920014748206506 0.07297552548922025 0.07545119065504807 
0 0.44433144422677845 0.5990577661074125 0.06893330353956956 0.1349497941824106 
0 0.22099696672879732 0.610268941292396 0.04197252713716947 0.1102141233590933 
0 0.9366749616769644 0.6098617223592905 0.039742616506723255 0.06687109286968525 
0 0.4299841844118558 0.10358453943179204 0.05558428397545448 0.06573639924709614 
0 0.12139347883371207 0.6549824384542612 0.08634237142709586 0.08240343974186824 
0 0.2973160376915565 0.6539062720078689 0.10360218928410457 0.14896385486309344 
0 0.38347790791438174 0.6621960126436673 0.0916607930110051 0.0838304666372446 
0 0.6825076249929575 0.6648363150083102 0.06910346104548527 0.14307326536912185 
0 0.05172563974673931 0.6762592975909894 0.058739891419043906 0.09014313037578876 
0 0.6206331069652851 0.6792340278625488 0.05598130592933068 0.08469104766845703 
0 0.5163247401897724 0.6888008301074688 0.09715982583852914 0.15699588335477388 
0 0.9052853584289551 0.6901986415569599 0.0567934329693134 0.06033904735858624 
0 0.5839147017552302 0.694638545696552 0.05178697292621319 0.07380500206580529 
0 0.21656809403346136 0.7146107967083271 0.033867377501267656 0.10198116302490234 
0 0.7919462644136869 0.7107246472285345 0.10300665635329026 0.12053188910851112 
0 0.5372779002556434 0.11022800207138062 0.03594512205857497 0.07493964525369498 
0 0.1059023760832273 0.7364540833693284 0.13167653175500724 0.10062540494478665 
0 0.4353215511028583 0.7373202397273138 0.07925811180701622 0.1229108663705679 
0 0.18803996306199294 0.7420907754164475 0.038731941810021035 0.08174566122201773 
0 0.991179906261655 0.7482173626239483 0.017640186903568413 0.08492851257324219 
0 0.5708985145275409 0.7679502413823054 0.05710532115055965 0.07523191892183743 
0 0.31571022363809437 0.7741843370290903 0.10911917686462402 0.1598681669968825 
0 0.36354758189274716 0.7843578045184796 0.06479556743915264 0.12677148672250602 
0 0.18250508950306818 0.793630416576679 0.09382373553055984 0.06085065694955679 
0 0.9328794479370117 0.11288840037125808 0.05549929692195012 0.06167468657860389 
0 0.11005046505194443 0.8081743166996882 0.07300382852554321 0.07680518810565655 
0 0.7821412820082444 0.11632519043408908 0.034197220435509317 0.05461284747490516 
0 0.783748406630296 0.8245984957768366 0.0513151608980619 0.11440372467041016 
0 0.18864596807039702 0.8341743762676532 0.05943841200608473 0.06037565378042368 
0 0.9319833241976224 0.8279678271366999 0.1145793474637545 0.16806463094858023 
0 0.7243771186241736 0.8321902201725886 0.07953130281888522 0.07283474848820613 
0 0.030953879539783184 0.8515520829420823 0.06190775907956637 0.11921457143930289 
0 0.13043739245488092 0.8972760714017428 0.05817262942974384 0.06306516207181491 
0 0.3408870972119845 0.9024943938622108 0.10754139606769268 0.14766480372502253 
0 0.23145887026420006 0.9128939553808707 0.15600265906407282 0.17421208866513693 
0 0.9014445451589731 0.9489218638493464 0.06647645510160007 0.08077548100398137 
0 0.9072516147906964 0.15251697026766264 0.07151112189659706 0.068663450387808 
0 0.6960749626159668 0.17574884341313288 0.02961620917687049 0.08838730591994065 
0 0.7547759642967811 0.19931516280541053 0.06633457770714393 0.0740059705880972 
