0 0.5643224165989802 0.012551781076651353 0.08756179075974685 0.025103562153302707 
0 0.2940227435185359 0.13945300762469953 0.05221205491286058 0.08843348576472355 
0 0.6063442413623517 0.1548058528166551 0.02807452128483699 0.056755707814143255 
0 0.09918466668862563 0.20815214743980995 0.052685320377349854 0.07187953362098107 
0 0.1629146750156696 0.2047653106542734 0.0871345538359422 0.07232873256389911 
0 0.8707969738886907 0.17131346464157104 0.05311254354623648 0.0801918048125047 
0 0.018879124751457803 0.24033071444584772 0.037758249502915606 0.09346213707557091 
0 0.49923122846163237 0.24662619370680589 0.08002266517052284 0.08852988023024339 
0 0.17835295658845168 0.27201375594505894 0.12184763871706449 0.1294371898357685 
0 0.423979062300462 0.25896032039935774 0.08654403686523438 0.11236352186936599 
0 0.07934442391762367 0.28838868324573225 0.08135042740748478 0.08860039710998535 
0 0.010155827953265263 0.32458227414351243 0.020311655906530526 0.04920066319979154 
0 0.5632963363940899 0.30156630736130935 0.040949491354135364 0.07540064591627854 
0 0.8225555053124061 0.29473416621868426 0.12364864349365234 0.11295380959144005 
0 0.32774741833026594 0.32936496001023513 0.2751331329345703 0.2522555131178636 
0 0.6291372592632587 0.3133480457159189 0.10169322674091046 0.09797109090364896 
0 0.11692655545014602 0.34612536430358887 0.07694010551159199 0.08007647440983699 
0 0.009149582340167118 0.3591909041771522 0.018299164680334237 0.07636268322284405 
0 0.5357955602499155 0.3363676621363713 0.06276251719548152 0.08761255557720478 
0 0.08013184941731967 0.3814206123352051 0.08715967490122868 0.09858028705303486 
0 0.17231336006751427 0.3876350659590501 0.07561236161452073 0.08000590251042293 
0 0.48845043549170863 0.3736127339876615 0.07343449959388146 0.14068023975078875 
0 0.7132604305560772 0.37000056413503796 0.045598543607271634 0.1143323091360239 
0 0.008232335058542399 0.41787063158475435 0.016464670117084797 0.0699297098013071 
0 0.9631795516380897 0.388669674213116 0.0478979991032527 0.10754658625676082 
0 0.8164447270906888 0.4089701175689697 0.08924550276536208 0.08763837814331055 
0 0.6399306517380935 0.4197398332449106 0.10866693349984977 0.15636854905348557 
0 0.5541280232943021 0.4340238020970271 0.09462752709021935 0.08930598772489108 
0 0.2544218943669246 0.4568970753596379 0.07386167232806866 0.14899261181171125 
0 0.8878812789916992 0.4260111038501446 0.061790759746844955 0.0944689603952261 
0 0.3175362256857065 0.4674345529996432 0.058850618509145886 0.08878627190223107 
0 0.42285242447486293 0.470172643661499 0.10245561599731445 0.16432809829711914 
0 0.03286207997455047 0.4978438890897311 0.05889665364072873 0.0639200944166917 
0 0.35549526948195237 0.4806980536534236 0.05429788736196665 0.07749157685499924 
0 0.725381484398475 0.4763217889345609 0.03720518258901743 0.10559672575730544 
0 0.14804185353792632 0.5111710658440223 0.10717164553128757 0.12727565031785232 
0 0.8379771159245417 0.4911754864912767 0.1353131807767428 0.1080473019526555 
0 0.5076624246744009 0.5142861696390005 0.08341528819157527 0.12877636689406174 
0 0.7560151540316068 0.5024769856379583 0.041447932903583236 0.0850982666015625 
0 0.3739449977874756 0.5547322309934176 0.05967987500704252 0.07915925979614258 
0 0.6303351659041184 0.5438850842989408 0.1145473993741549 0.16773385267991286 
0 0.5831072880671575 0.5575082485492413 0.06902415935809796 0.1321563720703125 
0 0.7653594017028809 0.5547685256371131 0.09607249039870042 0.06589574080247146 
0 0.8390953724200909 0.5647415564610407 0.0756835203904372 0.0813912244943472 
0 0.16464451184639564 0.6269782689901499 0.055106208874629095 0.11898235174325797 
0 0.762184583223783 0.5966121233426608 0.061552194448617786 0.06406123821551983 
0 0.038184324136147134 0.6404224359072171 0.07636864827229427 0.1763282555800218 
0 0.2247474193572998 0.630730023750892 0.08210853429941031 0.07758804468008187 
0 0.9435361715463492 0.6022551609919622 0.10975588285006009 0.12603143545297477 
0 0.8252067932715783 0.6571642802311823 0.06036677727332482 0.06676145700307992 
0 0.6145283258878268 0.6766954201918381 0.11257883218618539 0.15519486940824068 
0 0.7255825629601111 0.6874635402972882 0.16251241243802583 0.19929636441744292 
0 0.055755665669074424 0.7619569485004132 0.06925864403064434 0.08519466106708233 
0 0.772487970498892 0.848891808436467 0.04574108123779297 0.11710306314321664 
0 0.8062503521259015 0.8582108204181378 0.05361512991098257 0.16725884951077974 
0 0.20481913823347825 0.001905829430772708 0.03251000551077036 0.003811658861545416 
0 0.1476815938949585 0.012610647540826064 0.06890265758220966 0.025221295081652127 
