0 0.5802684563856858 0.12883977248118475 0.08634603940523587 0.08200307075793926 
0 0.01283212579213656 0.3033932630832379 0.02566425158427312 0.08766818046569824 
0 0.31927855198199934 0.287208758867704 0.05208642666156475 0.08951946405264047 
0 0.6237097886892465 0.2997892819918119 0.02814373603233924 0.05740209726186899 
0 0.13051902789335984 0.3582431353055514 0.05230077413412241 0.07285756331223708 
0 0.19254271342204168 0.35424014238210827 0.0858071125470675 0.07363044298612155 
0 0.8815334026630108 0.3139765996199388 0.05283957261305589 0.08123020025400016 
0 0.035891940960517295 0.3916782966026893 0.07178388192103459 0.09497899275559646 
0 0.5207370061140794 0.39331170228811413 0.0791320433983436 0.08987533129178561 
0 0.20857318089558527 0.42186608681311977 0.12041160693535438 0.13144947932316706 
0 0.44762283105116624 0.40643789218022275 0.08582749733558068 0.11393132576575646 
0 0.2830452643907987 0.025416078475805428 0.10350335561312161 0.050832156951610856 
0 0.1123797343327449 0.4392842879662147 0.08042412537794846 0.08995870443490836 
0 0.027853679198485155 0.47673896642831654 0.05570735839697031 0.05040828998272236 
0 0.5839486855726975 0.44808393258314866 0.04094079824594351 0.0762933217562162 
0 0.8363689642686111 0.4387989594386174 0.121918091407189 0.11487098840566781 
0 0.35493218898773193 0.47827816009521484 0.2712962260613075 0.25652775397667515 
0 0.6482525055225079 0.45934735811673677 0.10034542817335862 0.09958230532132663 
0 0.14983804867817804 0.4971198302048903 0.07600875084216778 0.08133587470421424 
0 0.03786920584165133 0.5113524657029372 0.03327763997591459 0.07718841846172626 
0 0.5576767738048847 0.48340916633605957 0.06233380391047551 0.0887912236727201 
0 0.11452100597895108 0.533028822678786 0.08622147945257333 0.10006031623253456 
0 0.2043985861998338 0.5384380450615516 0.07471658633305477 0.0812525015610915 
0 0.5121123057145339 0.5213807912973257 0.07349993632389949 0.1423182120689979 
0 0.7310262459975022 0.5156595340141883 0.04603994809664213 0.11553239822387695 
0 0.03259640301649387 0.5705446463364822 0.04187367856502533 0.07079498584453876 
0 0.48311569140507626 0.02280008105131296 0.05728982045100285 0.04560016210262592 
0 0.97472594334529 0.5321596402388352 0.04817522489107572 0.10872198985173152 
0 0.8321045362032377 0.55397550876324 0.08808722862830529 0.08906364440917969 
0 0.6603370629824125 0.5664625534644494 0.10799426298875076 0.15844088334303635 
0 0.5769754006312444 0.5816513758439285 0.09334575212918796 0.09079261926504281 
0 0.28539631916926456 0.6074759776775653 0.07403879899245042 0.15069088569054237 
0 0.9019362376286433 0.5704870957594651 0.06149071913499098 0.09568493182842548 
0 0.3470259996560904 0.617510777253371 0.05854720335740309 0.08993636644803561 
0 0.4496455375964825 0.6192951385791485 0.10207231228168194 0.1663964711702787 
0 0.07019962255771343 0.6507906180161697 0.05822268816140982 0.06490186544565055 
0 0.38419446578392613 0.6305254972898043 0.05395218042226938 0.07852264551016 
0 0.7444029587965745 0.6226913928985596 0.03774819007286659 0.106659485743596 
0 0.1825828139598553 0.6631547854496882 0.10610805107997014 0.1291366723867563 
0 0.37898964148301345 0.03249320158591637 0.03853610845712515 0.06498640317183274 
0 0.8542916591350849 0.6366177155421331 0.13318832104022688 0.11003982103787936 
0 0.532903084388146 0.662964967580942 0.08302879333496094 0.13042640686035156 
0 0.7746268052321214 0.6487653989058274 0.04156948969914363 0.0860613676217886 
0 0.000995310668188792 0.7192785556499774 0.001990621336377584 0.09102058410644531 
0 0.4032583786891057 0.7049618134131799 0.059210667243370645 0.08025176708514874 
0 0.652824878692627 0.6916573964632474 0.11388140458327073 0.1699379407442533 
0 0.6070256416614239 0.7058231280400202 0.06908449759850135 0.13369538233830378 
0 0.7845006722670335 0.7013750809889573 0.09440312018761268 0.06723697368915264 
0 0.010841438403496375 0.058835616478553183 0.02168287680699275 0.06621395624600925 
0 0.8564676138070914 0.7107427303607647 0.07480636009803185 0.08264791048490085 
0 0.14056876989511344 0.050723958473939165 0.035896704747126654 0.057902441574976996 
0 0.20046473466433012 0.779704424051138 0.05535457684443547 0.12030242039607121 
0 0.7820265476520245 0.7435718683096079 0.06080708136925331 0.06506875845102164 
0 0.05794827754680927 0.7946264927203839 0.11589655509361854 0.17864425365741438 
0 0.2590610155692467 0.7829288702744704 0.08099774213937613 0.07887862278864934 
0 0.9522234841894645 0.7475798680232122 0.09555303104794942 0.12790811978853667 
0 0.8443052952106183 0.8040092908419095 0.05969451023982121 0.06777616647573617 
0 0.6393907987154447 0.8256417787992038 0.11178090022160457 0.15729566720815805 
0 0.7477178206810584 0.8354651744549091 0.16099320925199068 0.20216098198523888 
0 0.09639981159797081 0.9167356491088867 0.06861505141625038 0.08641727154071514 
0 0.7957889116727389 0.969273420337301 0.04621960566594051 0.061453158752276346 
0 0.8288114621089056 0.9611704164686111 0.05462169647216797 0.07765916648965615 
0 0.029054132791665885 0.09763542734659635 0.05810826558333177 0.07419189581504235 
0 0.22971345828129694 0.10522371072035569 0.03297347288865309 0.09245481857886681 
0 0.1744751242490915 0.13401101185725287 0.06816595334273118 0.07944008020254281 
