0 0.701319327721229 0.4808979034423828 0.07224831214317909 0.06583683307354267 
0 0.770205020904541 0.5180461223308856 0.06447740701528695 0.0542290760920598 
0 0.5518591770758996 0.5482952778155987 0.0708157832805927 0.07010701986459586 
0 0.8073146893427923 0.5560231942396897 0.04495510688194862 0.0610200441800631 
0 0.9508114594679612 0.5659211415510911 0.05137282151442308 0.08119704173161434 
0 0.71914947949923 0.5801485135005071 0.053947081932654746 0.05689364213209886 
0 0.5536402555612417 0.6157035644237812 0.07216901045579177 0.06153785265409029 
0 0.03608564688609196 0.645815922663762 0.07217129377218393 0.0891100076528696 
0 0.9427281159621018 0.6761466539823092 0.058800037090594955 0.07417590801532452 
0 0.773106208214393 0.6886875079228327 0.06360010000375602 0.088592162499061 
0 0.5810705148256742 0.6864668405972995 0.06307128759530875 0.05993234194242037 
0 0.8483302409832294 0.7101878386277419 0.06779208550086388 0.07004957932692307 
0 0.5747946592477652 0.8626676339369553 0.04455368335430439 0.12117701310377854 
0 0.5198644858140212 0.8888588685255784 0.04492385570819561 0.14123901954064003 
