0 0.5826883866236761 0.552103904577402 0.06765530659602238 0.06399261034451999 
0 0.645446593944843 0.5739100529597356 0.059874534606933594 0.053255668053260215 
0 0.46755365224984974 0.63070953809298 0.06693436549260066 0.06747077061579777 
0 0.6818081782414362 0.6009420431577243 0.044329276451697715 0.056892651778001055 
0 0.8029508223900428 0.5889487633338342 0.05193380209115835 0.07477672283466046 
0 0.6116699072030874 0.6340111035567063 0.05137825012207031 0.054367395547720104 
0 0.47861871352562535 0.6878080734839807 0.06711053848266602 0.06032364185039814 
0 0.04326363140717149 0.788384327521691 0.08574795028051505 0.08584748781644382 
0 0.81186921779926 0.6838801824129545 0.057354046748234674 0.06961492391733023 
0 0.672116022843581 0.7186814088087815 0.06296664017897385 0.08241653442382812 
0 0.5115626591902512 0.7441120881300706 0.05933523178100586 0.05795698899489183 
0 0.7379394677969126 0.7262724362886869 0.06440309377817008 0.06708952096792367 
0 0.5313645692972037 0.8949190653287448 0.050689513866718 0.10806692563570462 
0 0.48925174199617827 0.925017576951247 0.05323156943688026 0.12518853407639724 
