0 0.5032563759730413 0.453626064153818 0.062440028557410605 0.06454104643601638 
0 0.5638249654036301 0.4896219326899602 0.05577215781578651 0.053090609036959134 
0 0.3734148465670072 0.5228562905238225 0.0611426280095027 0.06881468112652118 
0 0.5966450617863581 0.52689711864178 0.03863877516526442 0.060133897341214694 
0 0.7220989740811862 0.5346988898057204 0.04403283045842098 0.0801387199988732 
0 0.5198865853823148 0.5521741280188928 0.046541030590350814 0.055895218482384317 
0 0.3756872507242056 0.5899350826556866 0.062416406778188854 0.06026033254770132 
0 0.7162096316997821 0.6445427857912503 0.0505982912503756 0.07303923826951247 
0 0.5681731334099402 0.6594521449162409 0.05463992632352389 0.08732942434457633 
0 0.4004006019005409 0.6599870461684006 0.054482606741098255 0.058791160583496094 
0 0.6341121930342454 0.6797800430884728 0.05850062003502479 0.0688006327702449 
0 0.3967914581298828 0.8354827807499812 0.03764798091008113 0.12005695929894081 
0 0.349086724794828 0.8623412205622747 0.03775809361384465 0.14003372192382812 
