0 0.6964479226332444 0.5529059630173904 0.07542808239276592 0.07485595116248497 
0 0.7647687838627741 0.5742713121267465 0.06647542806772086 0.06248921614426833 
0 0.5804431805243859 0.6475455210759089 0.0749666874225323 0.07868722768930289 
0 0.8054864223186786 0.6028960484724778 0.05065367772028996 0.06569667962881234 
0 0.9331099070035495 0.5831092504354624 0.060011716989370495 0.08600649466881385 
0 0.7336520781883826 0.6438308312342718 0.05775591043325571 0.06326745106623723 
0 0.5966802193568304 0.7114021594707782 0.07456115575937125 0.07074414766751803 
0 0.14255812076421884 0.8473640588613657 0.09598962160257193 0.10015032841609074 
0 0.9500462458683894 0.6897658934959998 0.06520799490121695 0.08055576911339393 
0 0.8044666143564078 0.7362491901104267 0.0720820793738732 0.09510275033804086 
0 0.6360745246593769 0.7732328268197867 0.06630306977492112 0.06769106938288762 
0 0.8749218353858361 0.7414164176354041 0.0723103009737455 0.07812646719125602 
0 0.6689589573786809 0.9404425986397725 0.061461375309870794 0.11911480214733344 
0 0.6266339192023644 0.9537136369886307 0.0655066050015963 0.09257272544961709 
