0 0.6470680420215313 0.5179606034205511 0.06990766525268555 0.06028399100670448 
0 0.7050122481126052 0.554866992510282 0.06198325523963341 0.050142985123854414 
0 0.5081052413353553 0.5579866629380447 0.06902085817777194 0.06359320420485276 
0 0.7346201309790978 0.5893276104560266 0.04529432150033804 0.05371222129234901 
0 0.8613628974327674 0.6114422908196082 0.05278704716609074 0.07064316822932316 
0 0.6540459119356595 0.6002532335428091 0.05289195134089543 0.051261645096998945 
0 0.5036579278799204 0.6128638891073374 0.06945257920485276 0.05680307975182167 
0 0.038285950055489175 0.5855942872854379 0.07657190011097835 0.08090936220609225 
0 0.8443107971778283 0.7000981477590708 0.058739075293907754 0.06570031092717098 
0 0.6923242348891038 0.6936289347135104 0.06428271073561448 0.0778184303870568 
0 0.5217231603769156 0.6729810054485614 0.06124804570124699 0.05461245316725511 
0 0.7573059522188627 0.7184589092548077 0.06633655841533954 0.06324973473182091 
0 0.5003754909221942 0.815353797032283 0.050325173598069414 0.10227284064659706 
0 0.44917620145357573 0.8312175090496356 0.05244944645808293 0.11851699535663311 
