0 0.7459416297765878 0.16687833804350632 0.1292563034937932 0.10547039142021766 
0 0.8243786234122056 0.20351198086371788 0.0889824445431049 0.09371421887324406 
0 0.9556626676080319 0.2659646180959848 0.0886746642108147 0.17748047755314753 
0 0.5108440655928391 0.30667003301473766 0.05907869338989258 0.12894390179560736 
0 0.7213813524979812 0.3206982979407677 0.07628393173217773 0.16891706906832182 
0 0.8810866704353919 0.6861041692587045 0.12122941017150879 0.19104477075430062 
0 0.2458807505094088 0.7358686006986178 0.18958363166222206 0.15731048583984375 
0 0.37643861770629883 0.789130687713623 0.10943522820105919 0.14400357466477615 
0 0.12294835310715896 0.8157760913555439 0.09781646728515625 0.17412156325120193 
0 0.3061954424931453 0.9075907927293044 0.13859946911151594 0.12621366060697115 
0 0.592826458124014 0.10689849807665898 0.11211017461923453 0.10334787460473868 
