0 0.5021172303419846 0.1760793557533851 0.12402695875901443 0.09958940285902756 
0 0.4269191301785983 0.19324354942028338 0.08723024221567008 0.08590281926668607 
0 0.0994287500014672 0.17061253235890314 0.07168800097245437 0.131873213327848 
0 0.29173651108374965 0.22121262550354004 0.11262860664954552 0.156768982227032 
0 0.6883347584651067 0.3291063858912541 0.06375679602989784 0.1118622926565317 
0 0.49972193057720476 0.30611526049100435 0.08253647730900691 0.14642920860877404 
0 0.17554835631297186 0.3048867078927847 0.07322178437159611 0.100312379690317 
0 0.3009692980692937 0.5793072443742019 0.1243900335752047 0.16910541974581206 
0 0.8555749012873723 0.7241145280691293 0.18214255112868089 0.14821866842416617 
0 0.7316188445458045 0.7463643000676081 0.10979718428391677 0.12927143390362078 
0 0.9504107327128832 0.8097115663381723 0.09917853400111198 0.15285851405217096 
0 0.7752209810110239 0.8549148119412936 0.1341406748845027 0.1175686762883113 
0 0.647099990111131 0.15202076159990752 0.10861356441791241 0.09613115053910476 
