0 0.41551247009864223 0.2146142446077787 0.12266331452589768 0.09921807509202224 
0 0.34074893364539516 0.23368314596322867 0.08599068568303035 0.08602256041306716 
0 0.024147721437307503 0.21763744262548593 0.048295442874615006 0.1334431813313411 
0 0.20629874559549186 0.2650255790123573 0.11021703940171462 0.15802471454326922 
0 0.6039638335888202 0.36635750990647536 0.06198270504291241 0.1131283686711238 
0 0.4153230373676007 0.3469842580648569 0.08021127260648288 0.14810705184936523 
0 0.09174959476177509 0.3526460849321805 0.07168237979595478 0.10109022947458121 
0 0.2215758470388559 0.6292104170872614 0.12179800180288461 0.17039544765765852 
0 0.7775705410883977 0.7647349284245417 0.18010513599102312 0.1477204836331881 
0 0.6542285772470328 0.7900183384235089 0.10786291269155648 0.1299299826988807 
0 0.8751393098097581 0.8497815132141113 0.09973907470703125 0.15425454653226411 
0 0.699584777538593 0.8995450093195989 0.1324915519127479 0.11740376399113582 
0 0.5598102716299204 0.1870419795696552 0.10726158435528095 0.09602014835064228 
