0 0.5784737330216628 0.0593237796655068 0.1152642690218412 0.09594887724289528 
0 0.6509099373450646 0.09167988712971027 0.07879352569580078 0.08594805919207059 
0 0.9769560899585485 0.12407514452934265 0.04608781950978132 0.14197758986399725 
0 0.7815877015774066 0.14662913634226873 0.09516130960904635 0.1643608441719642 
0 0.3679235348334679 0.19708809027305016 0.05055445891160231 0.11995815313779391 
0 0.5601376203390268 0.20464989772209755 0.06521346018864559 0.15717541254483736 
0 0.8843968281379113 0.26031137429750884 0.062096247306236856 0.10498415506803073 
0 0.7152697031314557 0.5440455033228948 0.10567714617802547 0.17682724732619065 
0 0.13776709483220026 0.6078412532806396 0.1689921892606295 0.14319496888380784 
0 0.2581339249244103 0.6544422186337985 0.09614629011887771 0.13280233970055214 
0 0.0351100334754357 0.6862834233504075 0.0702200669508714 0.16150353505061224 
0 0.19724115958580604 0.7677340507507324 0.12325000762939453 0.1152508809016301 
0 0.4373757105607253 0.027106060431553766 0.09966127689068134 0.05421212086310753 
