0 0.4976853040548471 0.2032602566939134 0.11998591056236854 0.09406907741840069 
0 0.4236649733323317 0.2355972986954909 0.08233033693753757 0.08382445115309495 
0 0.08368681485836323 0.27261977929335374 0.059710566814129167 0.13713568907517654 
0 0.290077411211454 0.2906519082876352 0.10035239733182467 0.1593016110933744 
0 0.7163593585674579 0.33161412752591646 0.05380791884202223 0.11592586223895733 
0 0.5187530150780311 0.3423225421171922 0.06944715059720553 0.15187371694124663 
0 0.1860485810499925 0.40154024270864636 0.06544920114370492 0.1017762697660006 
0 0.36432880621690017 0.6706480246323806 0.11135537807758038 0.17144357241117036 
0 0.9356846074358776 0.7214571879460261 0.1286307845551234 0.1403350830078125 
0 0.8362378340501052 0.7683190565842849 0.10088612483097957 0.1290607452392578 
0 0.900595078101525 0.875890144935021 0.12849103487454927 0.11271960918719952 
0 0.6420316145970271 0.15054426743434027 0.10391759872436523 0.09231136395381047 
