0 0.8988121471439416 0.34686567233158994 0.2023757051389951 0.21840825447669396 
0 0.41476680682255673 0.2985888719558716 0.09058816616351788 0.08995883281414326 
0 0.6184529891380897 0.323152101956881 0.1341417019183819 0.1089185568002554 
0 0.7908384616558368 0.38125181198120117 0.06276629521296574 0.06727996239295372 
0 0.028751164101637326 0.333132450397198 0.03676515015271994 0.0355066886314979 
0 0.7580465903648963 0.4268666230715238 0.05647145784818209 0.04013952842125526 
0 0.7931523323059082 0.4480606959416316 0.03709815098689152 0.062047518216646634 
0 0.577693719130296 0.6410636718456562 0.06293106079101562 0.056693627284123346 
0 0.5361243578103873 0.6966651769784781 0.0418999378497784 0.053252880389873795 
0 0.9506656206571139 0.03999015115774595 0.03659952603853666 0.03416465566708492 
0 0.98336282128898 0.07611069770959708 0.033274356848918475 0.039711172764117904 
0 0.9618731277206769 0.1616866680291983 0.07625374398552455 0.052089269344623275 
0 0.8835897812476525 0.1555262849881099 0.06177117274357723 0.04729939424074613 
