0 0.06614849659112784 0.42136414234454816 0.13229699318225568 0.22067594528198242 
0 0.4844093872950627 0.4563307762145996 0.0794221071096567 0.0909131857065054 
0 0.29817325335282546 0.4466397028702956 0.11852952150198129 0.10915928620558518 
0 0.1336513482607328 0.47659037663386417 0.05484159176166241 0.06818008422851562 
0 0.8223473108731784 0.5576199201437143 0.032271385192871094 0.03584564649141752 
0 0.15446058603433463 0.528837644136869 0.05011604382441594 0.039965116060697116 
0 0.11922366802509014 0.5445103645324707 0.031568288803100586 0.06365489959716797 
0 0.2756980565878061 0.7786853130047138 0.05539431938758263 0.057076600881723255 
0 0.30248875801379865 0.8426445080683782 0.03629312148460975 0.054256365849421576 
0 0.05423774398290194 0.10032052718676053 0.03217094219647921 0.03444498318892259 
0 0.016751339802375205 0.1266719515507038 0.03350267960475041 0.03819708640758808 
0 0.02790961815760686 0.22114027463472807 0.05581923631521372 0.05100536346435547 
0 0.09268898918078496 0.22992455959320068 0.054690383947812594 0.047272370411799505 
