0 0.051215749520521894 0.28661821438716006 0.10243149904104379 0.2365898352402907 
0 0.4589215608743521 0.3815793257493239 0.0949254769545335 0.09739875793457031 
0 0.2624208927154541 0.34687143105726975 0.13812017440795898 0.12012742115901066 
0 0.08373601849262531 0.35360530706552357 0.06626941149051373 0.07239576486440805 
0 0.8044107143695538 0.525835789166964 0.03842441852276142 0.03853412774892954 
0 0.09892292206103985 0.4071640784923847 0.0575716128716102 0.044903498429518476 
0 0.05942774277466994 0.41759578998272234 0.04141065707573524 0.06489504300631009 
0 0.19462128785940316 0.6662348600534292 0.06536054611206055 0.06190791496863732 
0 0.21461096176734337 0.7319783430833083 0.04507765403160682 0.05660203786996695 
0 0.012704468690432034 0.009230485902382778 0.02540893738086407 0.018460971804765556 
0 0.01871552375646738 0.08914922063167278 0.03743104751293476 0.060334897958315335 
0 0.072868844637504 0.10852849941987258 0.06331586379271287 0.05248360450451191 
