0 0.09279274940490723 0.524974694618812 0.18558549880981445 0.19593029755812424 
0 0.5391562168414776 0.50024597461407 0.0779581069946289 0.08072317563570462 
0 0.3536610511633066 0.5147615946256198 0.11677399048438439 0.09671335953932542 
0 0.1946711907019982 0.5617180237403283 0.053743142348069414 0.060581133915827826 
0 0.8863502649160532 0.5480936307173508 0.031694265512319714 0.03181916016798753 
0 0.22187743737147406 0.605443367591271 0.04947403761056753 0.035347278301532455 
0 0.1889978555532602 0.6237057539132925 0.03054072306706355 0.05673900017371544 
0 0.3734759184030386 0.8118436886714056 0.05447571094219501 0.0506288821880634 
0 0.40808369563176083 0.8652072686415452 0.035418216998760514 0.04827609428992638 
0 0.06844351383355948 0.23808032732743484 0.03161645852602445 0.030565316860492412 
0 0.025697650817724373 0.26911874000842756 0.05139530163544875 0.03346969531132625 
0 0.04276113326732929 0.35030236610999477 0.0851891407599816 0.04491123786339393 
0 0.12290230164161095 0.348178716806265 0.053930502671461836 0.04185199737548828 
