0 0.9540338148004733 0.4532879132490892 0.0919323698259317 0.20007812059842622 
0 0.5534854302039514 0.4848797688117394 0.07876234788161057 0.082427428318904 
0 0.7403615071223333 0.4761402423565204 0.11784216073843148 0.09896439772385818 
0 0.9050216674804688 0.5033443524287298 0.05432539719801683 0.06181753598726713 
0 0.21345791449913612 0.576645667736347 0.03201572711651142 0.032499533433180586 
0 0.8835733853853666 0.5507196279672476 0.04989491976224459 0.036230820875901446 
0 0.9187372281001165 0.5649417363680326 0.030997569744403545 0.05771989088792067 
0 0.7592182159423828 0.7772636046776404 0.05500514690692608 0.051747762239896335 
0 0.7316415126507099 0.8352582638080304 0.03584913107065054 0.04919506953312801 
0 0.9864351564588455 0.16214274901610154 0.027129686509187404 0.031229395132798415 
0 0.9930618724857385 0.2717196849676279 0.013876254455401348 0.046233599002544694 
0 0.948836876795842 0.2796648098872258 0.05440792670616737 0.04285650986891527 
