0 0.40578240614670974 0.8054900169372559 0.040994497445913464 0.023589280935434196 
0 0.19793975353240967 0.7850057161771334 0.040547462610098034 0.0207366943359375 
0 0.4136990217062143 0.8302519504840558 0.04482573729294997 0.024236605717585638 
0 0.4903227916130653 0.8432010137117826 0.04361303036029522 0.03236235105074369 
0 0.5687656952784612 0.8696335279024564 0.03151295735285832 0.03448295593261719 
0 0.6202310415414664 0.8841869280888484 0.04316579378568209 0.029509837810809795 
0 0.1764196799351619 0.813576918381911 0.0642695426940918 0.03724171565129207 
0 0.53160232764024 0.8809211070720966 0.03978182719304012 0.03171487954946665 
0 0.21827488679152268 0.8308983215918908 0.06066190279447115 0.03802042741041917 
0 0.3310392086322491 0.8558109356806829 0.03911113739013672 0.027436109689565804 
0 0.48894785000727725 0.8854246873121995 0.061874646406907305 0.029894608717698317 
0 0.5846632627340463 0.9103841781616211 0.04083527051485502 0.030504520122821514 
0 0.33729599072383 0.8744363417992225 0.04693277065570538 0.02181588686429537 
0 0.5172975063323975 0.9136397288395808 0.029853123884934645 0.03975604130671574 
0 0.37276587119469273 0.8906785891606257 0.05277596987210787 0.03529937450702374 
0 0.6375006529001089 0.9412734691913311 0.0487212401169997 0.03322557302621695 
0 0.3945066745464618 0.9192406947796161 0.04000531710111178 0.033141136169433594 
0 0.5243199055011456 0.9441065788269043 0.05271170689509465 0.02695780534010667 
0 0.5849482646355262 0.9587444158700796 0.06816508219792293 0.04623060960036058 
0 0.6504612335791955 0.9756718782278208 0.06758931966928336 0.02669517810528095 
0 0.2691616645226112 0.9244100864116962 0.07049560546875 0.04523600064791166 
0 0.3238517962969266 0.9351164377652682 0.04562504474933331 0.04519836719219501 
0 0.3601516576913687 0.9544270222003644 0.05954412313608023 0.030889291029710036 
0 0.41800227532019985 0.9692474143722882 0.06957068810096154 0.061505170682301886 
0 0.46008108212397647 0.984443407649031 0.03767479383028471 0.03111318412881631 
0 0.08440113526124221 0.9239305349496695 0.04517789070422833 0.04234592731182392 
0 0.2631256030156062 0.9629181348360502 0.05568221899179312 0.05384019704965445 
0 0.32378462644723743 0.9939879269267504 0.0480505503140963 0.01202414557337761 
