0 0.5698303626133845 0.8038893112769494 0.039858341217041016 0.018338937025803786 
0 0.3591033128591684 0.8076636607830341 0.03974144275371845 0.015591768118051382 
0 0.5806424067570612 0.8264232415419358 0.04377401792086088 0.018524536719689004 
0 0.6589564176706167 0.8301355288578913 0.04151424994835487 0.026642212500939004 
0 0.7406601905822754 0.8463955659132737 0.028637152451735277 0.030144177950345553 
0 0.7939410209655762 0.8544265306912936 0.0413973148052509 0.0238949702336238 
0 0.3408495829655574 0.8370776910048264 0.06245635106013371 0.029005710895244893 
0 0.7047175627488357 0.8612077419574444 0.03759853656475361 0.026456539447490986 
0 0.38481842554532564 0.8487962942857009 0.058599068568303034 0.03019369565523588 
0 0.500750468327449 0.859797110924354 0.037423133850097656 0.022335932804987982 
0 0.6624825550959661 0.8702164063086877 0.06085894658015324 0.02207601987398588 
0 0.7613296875586877 0.8831600042489859 0.03884528233454777 0.02514487046461839 
0 0.5091858276954064 0.876713019150954 0.04626758282001202 0.01590112539438101 
0 0.6941783611591046 0.8937401404747596 0.0262603759765625 0.03551468482384315 
0 0.546628475189209 0.888122191795936 0.05070928426889273 0.028448838454026442 
0 0.8178833447969877 0.9064858143146222 0.046735176673302285 0.026889727665827826 
0 0.571739673614502 0.9127102264991174 0.037656930776742786 0.027830197260929987 
0 0.7047566267160269 0.9217683351956881 0.051663838900052585 0.020269393920898438 
0 0.7672324547400842 0.9288588670583872 0.06541750981257512 0.03737075512225811 
0 0.8348708886366624 0.9375704251802884 0.06720975729135367 0.018264623788686898 
0 0.4466905410473163 0.9315565916208121 0.06796950560349685 0.03612100161038912 
0 0.5027571274684026 0.9355906339792105 0.04204012797429012 0.03900417914757362 
0 0.5413881448599008 0.9498088176433856 0.05830691410945012 0.023325773385854866 
0 0.6011952070089487 0.9581491763775165 0.06481357721182016 0.05379163301908053 
0 0.6452224438007061 0.9684942318842962 0.03510489830603966 0.029079950772798978 
0 0.2614253025788527 0.9516774691068209 0.04192324785085825 0.03625708359938402 
0 0.4451126135312594 0.968642784998967 0.051468959221473105 0.046305216275728665 
0 0.5105107013995831 0.9939425173573769 0.046559773958646335 0.012114964712124605 
