0 0.4283315035013052 0.7557367178109976 0.041568059187669024 0.021356582641601562 
0 0.6431666337526761 0.7448377976050744 0.041264864114614636 0.01856855245736929 
0 0.41883241213285005 0.779429399050199 0.04554293705866887 0.021819408123309795 
0 0.33933459795438325 0.7886862388023963 0.043802628150353067 0.029874801635742188 
0 0.25722624705388 0.8109519665057843 0.031007840083195612 0.032514131986177884 
0 0.20350918403038612 0.822853528536283 0.04349957979642428 0.027086844811072715 
0 0.6637263481433575 0.7735004425048828 0.06515367214496319 0.033737476055438705 
0 0.29481950173011195 0.8235145715566782 0.039827713599571817 0.029412049513596755 
0 0.6197387621952937 0.7885040136484 0.061330355130709134 0.0346685556265024 
0 0.5024233964773325 0.8078110034649189 0.039373031029334433 0.02523011427659255 
0 0.33843113825871396 0.8297297404362605 0.06307073739858773 0.02661308875450721 
0 0.23864349952110878 0.8498191099900466 0.04100109980656551 0.02817227290226863 
0 0.49496784577002895 0.8256191106942984 0.04788974615243765 0.019339928260216348 
0 0.30773258209228516 0.8558908976041354 0.02896426274226262 0.037781715393066406 
0 0.45760510518000674 0.8398513427147498 0.05322903853196364 0.0323488528911884 
0 0.1826190948486328 0.8775175534761869 0.049102489764873795 0.030492048997145433 
0 0.4336830285879282 0.8666351391718938 0.03997934781588041 0.03080610128549429 
0 0.29883989920982945 0.8851596758915827 0.05364440037653996 0.024139037499060996 
0 0.23569646248450646 0.8967471122741699 0.06871318817138672 0.04240997021014874 
0 0.16740472500140852 0.9103458111102765 0.06924079014704777 0.02320245596078726 
0 0.5622833141913781 0.8770706836993878 0.07121155812190129 0.041324542118952826 
0 0.5054614727313702 0.885098750774677 0.045167042658879206 0.04242104750413161 
0 0.46707696181077224 0.9022732881399301 0.06057240412785457 0.027698443486140326 
0 0.40673505342923677 0.9149462626530573 0.06920741154597355 0.058983876154972956 
0 0.3625958516047551 0.9285558187044584 0.03748101454514723 0.0318915293766902 
0 0.7522867734615619 0.8845915060776931 0.04486382924593412 0.039633017319899336 
0 0.5663765026972845 0.914709054506742 0.055199769827035755 0.050471012408916764 
0 0.5018353462219238 0.9504576096167932 0.04864773383507362 0.026309893681452826 
