0 0.3842703379117526 0.7067587192241962 0.04180358006403996 0.024883563701923076 
0 0.5829971937032846 0.7730855208176833 0.04111484380868765 0.022412520188551683 
0 0.36745951725886417 0.7235108522268442 0.045570666973407455 0.025889249948354866 
0 0.29211660531850964 0.7033973473768967 0.04512522770808293 0.03263231424184946 
0 0.20990749505849984 0.6933984022874099 0.03360110062819261 0.03298671428973858 
0 0.15704584121704102 0.6845965018639197 0.04443660149207482 0.030161050649789665 
0 0.5917461101825421 0.8046260613661546 0.06556100111741286 0.039231447073129505 
0 0.23967977670522836 0.7172763164226825 0.04135806743915264 0.03162655463585487 
0 0.5466414414919339 0.8018774252671462 0.06213822731604943 0.03946135594294621 
0 0.4335054067464975 0.7769847649794358 0.040325054755577676 0.027919842646672174 
0 0.27710797236515927 0.7378880794231708 0.06258362990159255 0.03271829164945162 
0 0.1796076114361103 0.7198244975163386 0.04226948664738582 0.03072635944073017 
0 0.4205833581777719 0.7894651339604304 0.047393432030310996 0.024088566119854268 
0 0.240205691410945 0.7492766380310059 0.032467035146859974 0.03725866171029898 
0 0.3817572777087872 0.788392580472506 0.0542596303499662 0.036214388333834134 
0 0.11919109637920673 0.7236082003666804 0.05014815697303185 0.03397318033071665 
0 0.35078925352830154 0.8026928534874549 0.0417024905865009 0.032862149752103366 
0 0.22201761832604042 0.770971078139085 0.053449263939490683 0.029136217557466947 
0 0.16071026141826922 0.7585870669438288 0.07013849111703727 0.04731537745549129 
0 0.09403566213754508 0.7460976380568284 0.06782913208007812 0.030687772310697116 
0 0.463884188578679 0.8567794653085562 0.07230556928194486 0.04675014202411358 
0 0.40954408278832066 0.8436003831716684 0.048224265758807845 0.04375245020939754 
0 0.3687736071073092 0.8446638400738056 0.06041644169734074 0.033283380361703724 
0 0.3096333283644456 0.8341857836796687 0.07301477285531852 0.06180697221022386 
0 0.26487295444195086 0.8302016258239746 0.0395353023822491 0.03342723846435547 
0 0.6337090455568753 0.9299931159386268 0.04753556618323693 0.04128133333646334 
0 0.4545871111062857 0.8901399098909818 0.05873595751248873 0.052276978125939004 
0 0.38365884927602917 0.8977549259479229 0.04911510760967548 0.030266468341533955 
