0 0.5127175221076379 0.7852017329289362 0.03639694360586313 0.01778896038348858 
0 0.32234819118793195 0.8088401280916654 0.036263612600473255 0.015148089482234074 
0 0.5244634518256555 0.8057445379403921 0.03995664303119366 0.017983363224909857 
0 0.5956570185147799 0.8018558942354642 0.03798360090989333 0.025775909423828125 
0 0.6710103841928335 0.8096562165480393 0.02631803659292368 0.02908912071814904 
0 0.7199261005108173 0.8122805081881009 0.03785015986515926 0.023135258601262018 
0 0.30838984709519607 0.8387309587918795 0.05703522608830379 0.028133392333984375 
0 0.6397734788747934 0.8272507007305439 0.0344239014845628 0.025581506582406852 
0 0.3491996618417593 0.8457700656010554 0.05354228386512169 0.029259388263408955 
0 0.45507018382732684 0.8452833982614371 0.03422388663658729 0.021620456988994893 
0 0.6023370119241568 0.8398876923781174 0.055515325986422025 0.021466621985802285 
0 0.6929156596844013 0.8428843571589544 0.03554380857027494 0.024326031024639424 
0 0.4641762880178598 0.8606743445763221 0.04219634716327374 0.0154722653902494 
0 0.6330679013178899 0.8593935232896072 0.024211663466233473 0.0342409427349384 
0 0.4990532765021691 0.8680375172541692 0.0463562378516564 0.02755003709059495 
0 0.7461244876568134 0.8598383389986478 0.042729744544396035 0.026035308837890625 
0 0.5239180418161246 0.8891877027658316 0.03449058532714844 0.026901905353252705 
0 0.6450805297264686 0.8852178133451022 0.04714268904465895 0.019692641038161058 
0 0.7022354419414814 0.8860680139981784 0.059808584359975964 0.036185264587402344 
0 0.7642032916729267 0.8879793240473821 0.06124804570124699 0.017829528221717246 
0 0.41239511049710786 0.9191115819490873 0.062114862295297474 0.03499449216402494 
0 0.4634838654444768 0.9176451242887057 0.03858371881338266 0.03765949836144081 
0 0.4996808125422551 0.9275842446547288 0.05320886465219351 0.022657321049616888 
0 0.5545292450831487 0.9298844337463379 0.05942201614379883 0.05196505326491136 
0 0.5952723759871262 0.935603141784668 0.03218412399291992 0.028092604417067308 
0 0.24649045100578895 0.9559779533973107 0.03845036946810209 0.035018627460186295 
0 0.41419546420757586 0.9547618719247671 0.04722309112548828 0.04471500103290264 
0 0.4760436278123122 0.9778641554025503 0.04252983973576473 0.022074112525353067 
