0 0.5882355616642878 0.0008791971665162307 0.058164743276742786 0.0017583943330324613 
0 0.8569516400591686 0.11469882497420678 0.28609671930854136 0.20251396527657142 
0 0.536354450079111 0.2052918764261099 0.036461206582876354 0.036541168506328874 
0 0.7102307906517615 0.21907566143916204 0.20321251795842096 0.09828838935265174 
0 0.7819570027864896 0.27237342871152437 0.047379493713378906 0.05104668323810284 
0 0.4032467328585111 0.2708524740659274 0.04030051598182091 0.03382242642916166 
0 0.6610540243295523 0.28291600484114426 0.0659322005051833 0.058695774811964765 
0 0.9634645900760705 0.3135909025485699 0.07307081927473728 0.08061253107511081 
0 0.4539363384246826 0.41014511768634504 0.045337493603046126 0.0694124882037823 
0 0.24637356171241173 0.4677714567918044 0.052460853870098405 0.08805561065673828 
