0 0.432463315817026 0.018102931288572457 0.06597144787128155 0.036205862577144914 
0 0.14300012588500977 0.10907029188596286 0.28600025177001953 0.21814058377192572 
0 0.45905503859886754 0.23958087884462798 0.04124777133648212 0.038230400819044844 
0 0.27090927270742565 0.23098353239206168 0.22389624669001654 0.10994944205650917 
0 0.1873931517967811 0.2739456616915189 0.0538022701556866 0.05316580258882963 
0 0.5936489655421331 0.3205114327944242 0.04521755071786734 0.03582943402803861 
0 0.3157226489140437 0.29958437039301944 0.07416776510385367 0.06190765821016752 
0 0.014609850369966947 0.29025972806490385 0.029219700739933893 0.08482045393723708 
0 0.5220262087308444 0.4501451345590445 0.05265323932354267 0.07100178645207332 
0 0.7374374224589422 0.532772265947782 0.06136620961702787 0.08972971255962665 
