0 0.426452269920936 0.08635459496424748 0.06574146564190204 0.057949524659376875 
0 0.7405587159670316 0.15581336617469788 0.34781569700974685 0.2072861332159776 
0 0.4158421296339769 0.2891543828524076 0.04099457080547626 0.034764876732459433 
0 0.5934492074526273 0.2705783202097966 0.21638052280132586 0.1063690735743596 
0 0.6751829294057993 0.3023279355122493 0.05367953960712139 0.048130457217876725 
0 0.2934161424636841 0.3663800129523644 0.04455725963299091 0.032979561732365534 
0 0.5552656100346491 0.3319054933694693 0.07328224182128906 0.05674321834857647 
0 0.872648129096398 0.30389683980208176 0.09761377481313852 0.07756356092599723 
0 0.36925394718463606 0.4729430858905499 0.053727333362285905 0.06311247898982121 
0 0.17041396177732027 0.556441068649292 0.06305725757892315 0.07944550881019005 
0 0.7298081471369817 0.020710855722427368 0.051283029409555286 0.041421711444854736 
