0 0.6272931282336895 0.06884226890710685 0.05649438271155724 0.05588101423703707 
0 0.8790156289648551 0.18755168181199294 0.24196874149716818 0.18339854020338792 
0 0.5898445569551908 0.2864314317703247 0.035423572246844955 0.03329634666442871 
0 0.7600914514981784 0.29106377638303316 0.1979541044968825 0.08856437756465031 
0 0.8329878220191369 0.33672571182250977 0.046013245215782754 0.04654744955209585 
0 0.4637791560246394 0.35282597175011265 0.039186257582444414 0.03075687701885517 
0 0.7157359856825608 0.351999594615056 0.06409241602971004 0.053413794590876654 
0 0.9883595245102277 0.3658801225515512 0.02328095040642298 0.07338677919827975 
0 0.520988941192627 0.4784816595224234 0.043927779564490683 0.0634752420278696 
0 0.3219087857466478 0.5410254001617432 0.05079111686119667 0.08057165145874023 
0 0.9241854961101825 0.03017003261126005 0.041407144986666165 0.0603400652225201 
