0 0.5456644755143386 0.13779466427289522 0.059755141918475814 0.05620082525106577 
0 0.8397780930480132 0.23484192903225237 0.3204438133308521 0.19156933747805083 
0 0.5181833597329947 0.34711536994347203 0.0373845100402832 0.0335851816030649 
0 0.6907123969151423 0.3420371459080623 0.20423819468571588 0.09512105354895958 
0 0.7666777097261869 0.38146239060621995 0.04871867253230168 0.046755497272198014 
0 0.39377208856435925 0.4173771601456862 0.04106433574969952 0.03138443139883188 
0 0.6487384576063889 0.40254528705890363 0.06731319427490234 0.05428266525268555 
0 0.9559311131731822 0.3988456175877498 0.08813777308051403 0.07441495015070988 
0 0.45769203626192534 0.5338633060455322 0.047423142653245196 0.06270896471463717 
0 0.2591980053828313 0.6045276385087234 0.055176808283879206 0.07932160450862004 
0 0.8441924682030311 0.08232144896800701 0.0449369137103741 0.06376217420284565 
