0 0.11095823576817146 0.7172319705669696 0.1940562381194188 0.20398374704214242 
0 0.48410760439359224 0.7360069018143874 0.4941486945519081 0.4765925407409668 
0 0.32434894488408017 0.18420909001277044 0.08417052489060622 0.05135334455049955 
0 0.16047779413369986 0.22193880264575666 0.04919747205880972 0.04562089993403508 
0 0.3422384445483868 0.22137281527886024 0.09466901192298302 0.036985195600069486 
0 0.014422995539811941 0.24364763039809006 0.028845991079623882 0.08745989432701698 
0 0.07313777506351471 0.24513647189507118 0.10125228762626648 0.09949051416837253 
0 0.5524463103367732 0.37967577347388637 0.17455302751981294 0.10300449224618766 
0 0.20165752762785324 0.4684611650613638 0.38681035144970966 0.2983972476078914 
0 0.7949566841125488 0.5092720985412598 0.14361829024094802 0.07718636439396785 
