0 0.07875981697669396 0.813474911909837 0.15751963395338792 0.19420073582575872 
0 0.44209720538212705 0.8176888684527233 0.5020351776709924 0.364622262521432 
0 0.31901496190291184 0.32068376357738787 0.08609322401193473 0.04853705259469839 
0 0.14736461639404297 0.3433691905095027 0.0500182005075308 0.04337494189922626 
0 0.3346493335870596 0.3577288480905386 0.09723503773029034 0.03461617689866286 
0 0.00472667096899106 0.35024861189035267 0.00945334193798212 0.08333833401019757 
0 0.05564616864117292 0.3584167957305908 0.10283259904155365 0.09465287281916691 
0 0.5392924088698167 0.526512861251831 0.17860808739295372 0.09729821865375225 
0 0.184232601752648 0.5827517876258264 0.368465203505296 0.28305596571702224 
0 0.7793709681584284 0.6704630851745605 0.14710147564227766 0.07278229640080379 
