0 0.2403856057387132 0.9338322784751654 0.23714843163123497 0.1323354424765477 
0 0.6254530869997464 0.8210331475218902 0.5948843955993652 0.3579337043830982 
0 0.34691033913539004 0.42302555304307204 0.09506605221674992 0.06716746550339919 
0 0.18741703950441801 0.4953867288736197 0.058842750696035534 0.05405128919161283 
0 0.37295273634103626 0.45508727660545933 0.10256140048687275 0.05585395372830904 
0 0.032962228243167586 0.5534895750192496 0.06592445648633517 0.0995779771071214 
0 0.10305600899916428 0.5369433989891639 0.12227872701791617 0.11654912508451022 
0 0.62075897363516 0.5623502914722149 0.1964148741502028 0.13598174315232497 
0 0.2810182044139275 0.7250123940981351 0.4499845825708829 0.36782092314500076 
0 0.8955581738398626 0.6347608382885273 0.1600173803476187 0.10471332990206204 
