0 0.18571057686438927 0.7342109313377967 0.19808002618642953 0.21190078441913313 
0 0.5518352618584266 0.7746234855686243 0.5032029151916504 0.4507530282896299 
0 0.4595191662128155 0.21824707434727594 0.08488273620605469 0.05405963384188139 
0 0.2932849939052875 0.23725397770221418 0.050048039509699896 0.047508606543907754 
0 0.4727747073540321 0.25807934540968674 0.09489195163433368 0.039621829986572266 
0 0.12330818634766799 0.23932473476116473 0.07769525051116943 0.09070708201481746 
0 0.20431954127091628 0.2505194590641902 0.10315860234774075 0.1034852541410006 
0 0.6615198025336633 0.44352676318242 0.1759327741769644 0.10854834776658279 
0 0.3047223320374122 0.49235472312340367 0.3918199080687303 0.3120571283193735 
0 0.8855536901033841 0.6036364298600417 0.1445429141704853 0.08159949229313777 
