0 0.12849781948786515 0.7528353471022385 0.22452930532968962 0.2046652573805589 
0 0.5333623335911677 0.7956763963000133 0.5693278312683105 0.4086472068268519 
0 0.4453042470491849 0.2943387765150804 0.0952924581674429 0.05422753554124098 
0 0.260294850055988 0.302164939733652 0.056579094666701094 0.04621692804189829 
0 0.459026941886315 0.3317310076493483 0.10600555860079251 0.04166085903461163 
0 0.07155262392300826 0.2942023277282715 0.08826074462670547 0.08719378251295823 
0 0.1612041821846595 0.30919745335212123 0.1167603089259221 0.10032824369577262 
0 0.663932781953078 0.5131919567401593 0.19742059707641602 0.1092075934776893 
0 0.2666368897144611 0.5373748999375564 0.4414442410835853 0.30727144388052136 
0 0.9086436491746169 0.6734050970811111 0.16200608473557693 0.08281553708589993 
