0 0.08583334317574134 0.8301813419048603 0.041496487764211804 0.03267478942871094 
0 0.06883688385670002 0.8358524762667142 0.031844849769885726 0.02897482651930589 
0 0.7706224001370944 0.6731779758746808 0.04978238619290865 0.04131867335392879 
0 0.18231637661273664 0.8271167828486516 0.044128051170935996 0.038604369530310996 
0 0.8088045120239258 0.6859688758850098 0.05342175410344051 0.04617669032170223 
0 0.9260560182424692 0.6570585324214056 0.06693774003248948 0.07195230630727914 
0 0.09323730147801913 0.8742466706496018 0.06635452692325298 0.058606661283052884 
0 0.7713643954350398 0.7188860086294321 0.03346890669602614 0.03597611647385817 
0 0.26004615196814906 0.8464403886061448 0.057352506197415866 0.05770727304311899 
0 0.7985623799837552 0.7329047643221341 0.06278177408071664 0.04320372067964994 
0 0.4459921946892372 0.8464832305908203 0.06505529697124775 0.05300551194411058 
0 0.6917708837068998 0.794764518737793 0.061024959270770736 0.05729264479417067 
0 0.3719607866727389 0.8795404801001916 0.0692445314847506 0.07648167243370643 
0 0.5854701812450702 0.82837647658128 0.0524141238285945 0.04724825345552885 
0 0.923867445725661 0.7508603609525241 0.053096917959359974 0.04477632962740385 
0 0.8149351706871619 0.7791997836186335 0.07298337496243991 0.06552190047044021 
0 0.9776226922583121 0.7444782623877892 0.04475461491025411 0.05202007293701172 
0 0.6319382924299973 0.846525999215933 0.07841253280639648 0.05101834810697115 
0 0.8414172025827261 0.8022773082439716 0.07691405369685246 0.07705255655141977 
0 0.49427626683161807 0.8967527609605056 0.07509818443885216 0.047560691833496094 
0 0.44282927879920375 0.9360842337975135 0.06966891655555138 0.06206424419696514 
0 0.8981201098515437 0.834187177511362 0.12269951747013973 0.1173856441791241 
0 0.4107851982116699 0.9558280798105093 0.03844048426701473 0.04116263756385216 
0 0.34582220591031587 0.9706326629966497 0.07265857549814078 0.05873467343357893 
0 0.746517694913424 0.8789690824655386 0.08617459810697116 0.08989722912128155 
0 0.8380291645343487 0.8726892104515662 0.05845972207876352 0.0408179209782527 
0 0.47635727662306565 0.9782182251891265 0.12179147280179538 0.043563549048625506 
0 0.5742391256185678 0.9767640919352953 0.08591611568744366 0.046471815556287766 
0 0.6115723389845628 0.9976899805836953 0.06251599238469051 0.004620038259487886 
