0 0.8434048799368051 0.6294967211209811 0.03519579080434946 0.02350455064039964 
0 0.8601728219252366 0.6304423992450421 0.026155398442195013 0.021959744966947116 
0 0.1841811675291795 0.6555128831129807 0.04175943594712477 0.030329484205979567 
0 0.7548846098092886 0.650254066173847 0.03658287341778095 0.028874690716083232 
0 0.15235472183961135 0.6762873576237605 0.04440966936258169 0.034394484299879804 
0 0.03901655742755303 0.6789232033949631 0.05255885536854084 0.057269976689265326 
0 0.8467494524442233 0.6708232072683481 0.05488674457256611 0.04397942469670223 
0 0.19396535249856803 0.6966896057128906 0.026279431122999925 0.02863487830528846 
0 0.6885568178617038 0.6865227772639348 0.045895943274864785 0.0451048337496244 
0 0.1724176315160898 0.715889417208158 0.054613938698401816 0.029293940617487982 
0 0.5193182138296274 0.7318629851708045 0.05478756244365986 0.03863928868220402 
0 0.2837750820013193 0.7453546157250037 0.04973497757544884 0.043859701890211836 
0 0.5942663046029898 0.7434761340801532 0.05392103928786058 0.06130511944110577 
0 0.38822172238276553 0.749603638282189 0.043146536900446966 0.03569955092210036 
0 0.062473647869550265 0.7625218904935397 0.0443848417355464 0.03305948697603666 
0 0.16810900431412917 0.7614008096548227 0.060137693698589616 0.049439503596379206 
0 0.015063641163019033 0.771880003122183 0.030127282326038066 0.03854942321777344 
0 0.3500796464773325 0.7772031563978928 0.06885565244234525 0.03362853710467999 
0 0.14928593543859628 0.7885509637685922 0.06162398595076341 0.0601497063269982 
0 0.4868733882904053 0.7887136385991023 0.06623015036949745 0.030898534334622897 
0 0.5427008958963248 0.8114564602191632 0.05751217328585111 0.046709500826322116 
0 0.10497696353838994 0.8309857295109675 0.09951955080032349 0.09038939842810997 
0 0.5763855347266564 0.8213580938485953 0.030217610872708835 0.0327299558199369 
0 0.6395191045907828 0.8212254230792706 0.06011287982647236 0.048104432912973255 
0 0.2532133414195134 0.8342163379375751 0.06826204520005447 0.07097992530235878 
0 0.16848247326337373 0.8508786788353553 0.05072541420276348 0.02786907782921424 
0 0.5285847370441144 0.8839083084693322 0.10182270636925331 0.07576377575214092 
0 0.436002254486084 0.8940751735980694 0.07061466803917518 0.05902437063363882 
0 0.4124489747560941 0.9440409586979792 0.045103990114652194 0.07177572983961839 
