0 0.21568491825690636 0.7079255397503192 0.037917485603919394 0.029546517592210036 
0 0.1997953194838304 0.7129722741933969 0.028965106377234824 0.026239395141601562 
0 0.8537008945758526 0.5696962246528039 0.04541653853196364 0.0373839965233436 
0 0.30499744415283203 0.7058051182673528 0.04019032991849459 0.03494673508864183 
0 0.8886187993563138 0.5816107713259183 0.048673849839430586 0.04179650086622972 
0 0.9838349634351639 0.5560960036057693 0.03233007255655069 0.06525421142578125 
0 0.22118926965273344 0.748109010549692 0.060414405969473034 0.053058624267578125 
0 0.8529947721041166 0.6113294454721304 0.03025363041804387 0.032627105712890625 
0 0.37628665337195766 0.7239442238440881 0.051977377671461836 0.0523065420297476 
0 0.8777181552006648 0.6242860280550443 0.05757970076340895 0.03900579305795523 
0 0.5482322252713717 0.7252756999089167 0.059383539053109974 0.04794854384202223 
0 0.7770824065575233 0.6798818294818585 0.05544596451979417 0.051898956298828125 
0 0.47876746837909406 0.7548676637502817 0.06252230130709134 0.06937679877647987 
0 0.6777609311617337 0.7097547237689679 0.04768943786621094 0.04278403062086839 
0 0.9844173283244555 0.6415099364060622 0.031165342777967453 0.04051898075984074 
0 0.891448241013747 0.666562557220459 0.06641358595628005 0.059328739459698014 
0 0.7201777971707858 0.7266073226928711 0.07201590904822716 0.046027843768780045 
0 0.9152336120605469 0.6877642778249887 0.0697172605074369 0.06983896402212289 
0 0.5913499685434195 0.7713938859792856 0.0690163832444411 0.042892822852501504 
0 0.5425782937269944 0.80685699903048 0.06341398679293118 0.05619379190298227 
0 0.9554959442466497 0.7172200129582331 0.08900811093357894 0.10635302616999699 
0 0.5123452773460975 0.8246157719538763 0.034752919123722956 0.037329600407527044 
0 0.4517401181734525 0.8401003984304575 0.06615587381216195 0.058051109313964844 
0 0.8251427870530349 0.756950855255127 0.07798928480881911 0.08150885655329777 
0 0.9099559050339919 0.7518676977891189 0.05359576298640324 0.03685841193565956 
0 0.5713990468245286 0.8723648144648626 0.11105695137610802 0.0928800289447491 
0 0.6623762204096868 0.8591543344350961 0.0781542704655574 0.07059097290039062 
0 0.6955109009375939 0.900914375598614 0.055889202998234674 0.07756739396315354 
