0 0.9457507867079514 0.6666994094848633 0.041996075556828424 0.028369610126201924 
0 0.9644264808067908 0.6702032822829026 0.031681060791015625 0.025830488938551683 
0 0.20224488698519194 0.595673157618596 0.050084407512958236 0.036240577697753906 
0 0.8433788739717923 0.675391307243934 0.04411814762995793 0.03418401571420523 
0 0.16348421115141648 0.6128539672264686 0.05348795193892259 0.040802368750939004 
0 0.03592533646867825 0.5987028708824744 0.06504379155544135 0.0657950181227464 
0 0.9434371361365685 0.7108363738426795 0.06626129150390625 0.05198265955998348 
0 0.20717880359062782 0.640614179464487 0.03252185308016264 0.032897582420935996 
0 0.7636311604426458 0.7037776433504545 0.05628277705265926 0.05227052248441256 
0 0.1801826128592858 0.6576680403489333 0.06441158514756423 0.03643534733698918 
0 0.5670800759242132 0.7263664098886343 0.06558869435237004 0.04632905813363882 
0 0.3008066965983464 0.7054190635681152 0.06046311671917255 0.05133944291334886 
0 0.6494714663578913 0.7498272382296048 0.06699774815486027 0.07019615173339844 
0 0.41737807714022124 0.7255114775437576 0.05220658962543194 0.042054983285757214 
0 0.04997369532401745 0.6904808191152719 0.0533198003585522 0.03938895005446214 
0 0.16866722473731408 0.7050804358262283 0.07273208178006686 0.05827955099252554 
0 0.0071779495248427755 0.6917247772216797 0.014355899049685551 0.04584664564866286 
0 0.3705289914057805 0.7489552131065955 0.08086094489464393 0.04244437584510216 
0 0.14356112938660842 0.7309362704937274 0.07552677851456863 0.0697474846473107 
0 0.522329752261822 0.7815481699430026 0.07762553141667293 0.03929600348839393 
0 0.581632870894212 0.8139041387117826 0.06949666830209586 0.055131105276254505 
0 0.08761471739182106 0.7691233708308294 0.12126266497832078 0.10550572321965145 
0 0.6179755284236028 0.8293923598069411 0.03737493661733774 0.03762010427621695 
0 0.6888344104473407 0.8386852924640362 0.07256390498234676 0.05686620565561148 
0 0.25347020075871396 0.79468323634221 0.08411976007314828 0.08185885502741887 
0 0.1559513623897846 0.7996172904968262 0.059894910225501426 0.03453951615553636 
0 0.5551581382751465 0.888297961308406 0.12231203225942758 0.09027994596041165 
0 0.4497828850379357 0.8852002804095929 0.08550533881554237 0.06945976844200721 
0 0.4160200815934401 0.9344406861525315 0.05819625120896559 0.08037757873535156 
