0 0.22074549931746262 0.5226828134976901 0.03828751123868502 0.026517354525052585 
0 0.20332887539496788 0.5254522470327524 0.02873881046588604 0.024383911719689004 
0 0.9119451596186712 0.47954518978412336 0.045583064739520736 0.03400479830228365 
0 0.3153277268776527 0.5348500838646522 0.04007909848139836 0.03218929584209736 
0 0.9473144824688251 0.49776777854332555 0.048612154447115384 0.0383912600003756 
0 0.22148502790010893 0.5660311992351825 0.060174135061410755 0.048979759216308594 
0 0.905943357027494 0.52342361670274 0.029293060302734375 0.031341295975905195 
0 0.3883194740001972 0.5655172788179837 0.05084709020761343 0.04962928478534405 
0 0.9304156670203576 0.5411026294414814 0.05895497248722957 0.03367321307842548 
0 0.5697268706101638 0.5946622995229868 0.059730823223407455 0.043413749107947715 
0 0.8171248435974121 0.5836142026461087 0.05478103344257061 0.048555814302884616 
0 0.4926357636084923 0.6147250395554763 0.06026678818922777 0.06696319580078125 
0 0.7084693908691406 0.5991573150341327 0.047374725341796875 0.039676849658672624 
0 0.9395772860600398 0.5879895687103271 0.066010621877817 0.05496967755831205 
0 0.7511341755206769 0.6238073935875525 0.07411832075852615 0.03901364253117488 
0 0.9620181597196139 0.6142296240879939 0.06824552095853366 0.0662076289837177 
0 0.6094370988699106 0.6503493235661433 0.07120007735032302 0.036018665020282455 
0 0.5534567466148963 0.6799541253309983 0.06309230511005108 0.05197473672720102 
0 0.9788758203100699 0.6536562259380634 0.04224835880673849 0.09989459698016827 
0 0.5192885032066932 0.6938420075636643 0.03367035205547626 0.03583379892202524 
0 0.453334221473107 0.7004272387577937 0.06589970221886268 0.05357808333176833 
0 0.8581470342782828 0.6728031818683331 0.07587359501765324 0.07786963536189152 
0 0.9483518967261682 0.6811139400188739 0.05479922661414513 0.03196371518648588 
0 0.5756213298210731 0.7538230969355657 0.11126103767981896 0.08480005997877854 
0 0.6733615948603704 0.7545403700608474 0.07757252913254958 0.06555821345402645 
0 0.7030798471890963 0.8040119317861704 0.05171563075138973 0.07735325739933895 
