0 0.5391764457409198 0.282905807861915 0.05806435071505033 0.057055381628183216 
0 0.4719722821162297 0.3917745810288649 0.05386902735783504 0.06502914428710938 
0 0.3464349599984976 0.4337168473463792 0.04906118833101713 0.05082563253549429 
0 0.22105186719160813 0.49245760991023135 0.09808714573199932 0.13069409590501052 
0 0.6016828096829928 0.5050052862900954 0.027851104736328125 0.04365055377666767 
0 0.11607679495444664 0.5454151630401611 0.05806874311887301 0.10131546167226937 
0 0.39619680551382214 0.6203807867490329 0.06275763878455529 0.06986687733576848 
0 0.5171862015357385 0.881377807030311 0.06405324202317458 0.056136057927058294 
0 0.39962080808786243 0.9156983082111065 0.04585746618417593 0.05611001528226412 
0 0.544962424498338 0.9352612495422363 0.06508442071767953 0.06866389054518479 
