0 0.8710077725923978 0.22227504620185265 0.07657373868502103 0.045662714884831354 
0 0.7140303758474497 0.27335231120769793 0.047333864065317005 0.03504734772902269 
0 0.46095189681419957 0.3995072108048659 0.10086334668673001 0.06094085253201998 
0 0.1918401259642381 0.5259080483363225 0.051661399694589466 0.03263015013474684 
0 0.7164813555203952 0.46523539836590105 0.12797971872182992 0.08185140903179462 
0 0.4705078051640437 0.5540000658768874 0.16180236522968 0.08649103458111103 
0 0.28031715521445644 0.6851841119619516 0.2532133780992948 0.17624356196476862 
0 0.3336719549619235 0.7084606977609488 0.10416944210345928 0.07275779430682842 
0 0.4746522536644569 0.7624000402597281 0.14588113931509164 0.08323874840369591 
0 0.24519133567810059 0.8578641231243427 0.10297346115112305 0.10872364044189453 
0 0.2046937759105976 0.8805424250089205 0.08250064116257888 0.09814533820519081 
0 0.26132341531606823 0.9312202747051532 0.09214569972111629 0.09237846961388221 
