0 0.7931177799518292 0.23666705535008356 0.06490186544565055 0.029663727833674505 
0 0.6482662054208609 0.2520934985234187 0.03867266728327824 0.025475575373722956 
0 0.4067994264455942 0.317433421428387 0.08532083951509915 0.039903879165649414 
0 0.1514385434297415 0.3797568724705623 0.04340026011833778 0.021921194516695462 
0 0.6156163215637207 0.42984812076275164 0.1072988510131836 0.05536981729360727 
0 0.38706146753751314 0.46208484356219953 0.13925871482262245 0.05221865727351262 
0 0.19900588805858904 0.5447934040656457 0.20926418671241173 0.12451512996967022 
0 0.24087626200455886 0.577090153327355 0.08603556339557354 0.051489096421461836 
0 0.3528817158478957 0.6554400737469013 0.12444087175222543 0.05258376781757061 
0 0.1373765881244953 0.6972063137934759 0.07724507955404428 0.08941481663630559 
0 0.09828578279568599 0.7099631749666654 0.059547245502471924 0.08319011101355919 
0 0.13802015781402588 0.7682353166433481 0.07016429534325233 0.07487084315373348 
