0 0.8106956848731408 0.2510086206289438 0.06711248251108023 0.03254901445828951 
0 0.6645241884084848 0.2755381785906278 0.04043292999267578 0.026794011776263896 
0 0.42308968764085036 0.35434757746182954 0.08827847700852615 0.043650370377760664 
0 0.16738116282683152 0.431207143343412 0.044996912662799544 0.023743482736440804 
0 0.6413964675023005 0.4478440834925725 0.1113129762502817 0.059814783243032604 
0 0.41120384289668155 0.4941044037158673 0.14335313210120568 0.058997044196495645 
0 0.22496642057712263 0.585933520243718 0.21803121383373553 0.13233467248769906 
0 0.2692893376717201 0.6140170464148889 0.08965684817387508 0.054688673753004804 
0 0.38740216768704927 0.6814426275400015 0.12843579512376052 0.058336698091947116 
0 0.1709934243789086 0.7359424370985764 0.08294834540440486 0.09006815690260667 
0 0.1320306291946998 0.7507860110356257 0.06475354157961331 0.0829609357393705 
0 0.1756488589140085 0.8038710080660306 0.07498435790722187 0.0757905519925631 
