0 0.10164595796511723 0.23879064963414118 0.06698527244421151 0.035538434982299805 
0 0.2483056141779973 0.2277519702911377 0.04047261751615084 0.029543106372539815 
0 0.5004908671745887 0.2515316284619845 0.08812467868511493 0.04769279406620906 
0 0.765869507422814 0.2694660791983971 0.04494270911583534 0.0260012149810791 
0 0.315249333014855 0.41078739899855393 0.11119644458477314 0.06554222106933594 
0 0.5481923726888803 0.4017754884866568 0.14291077393751878 0.06399305050189678 
0 0.7507829299339881 0.4541701353513278 0.2180487559391902 0.14555567961472732 
0 0.7155366677504319 0.4964886261866643 0.08966849400446965 0.06016104037945087 
0 0.6196867319253775 0.6011281563685491 0.1281281617971567 0.0635358003469614 
0 0.8415403366088867 0.604734732554509 0.08359879713792068 0.10034014628483699 
0 0.8827899419344388 0.6109040150275598 0.06546629392183743 0.09264890964214618 
0 0.8547128163851224 0.6804691828214205 0.07548104799710788 0.08433334644024189 
