0 0.9474698947026179 0.30614041365109956 0.0694566139808068 0.03793490850008451 
0 0.797827830681434 0.28586938747992885 0.04233617048997145 0.030495111758892354 
0 0.538610788492056 0.2918594525410579 0.09141914661114033 0.05078790738032414 
0 0.2661481270423302 0.2913909967129047 0.046699854043813854 0.02747654914855957 
0 0.72115080173199 0.4562709148113544 0.115599485544058 0.06911805959848258 
0 0.48309142772968 0.43221361820514387 0.14764059506929839 0.06983261841994065 
0 0.273370045882005 0.46882675244258 0.2274645291841947 0.151521059182974 
0 0.3075673213371864 0.5115882800175593 0.09355446008535531 0.06259558751032902 
0 0.4010295317723201 0.617900169812716 0.13265165915855995 0.06839271692129281 
0 0.17376064795714158 0.6066317925086389 0.08925255445333627 0.09989078228290264 
0 0.13125929007163414 0.6097892064314622 0.07053955701681283 0.09143224129310021 
0 0.15690485330728385 0.6781021631681002 0.08029844210698055 0.08431251232440655 
