0 0.2519119611153236 0.27354320196005016 0.049331756738516 0.02803525557884803 
0 0.30307953174297625 0.29994041186112624 0.07109942803016076 0.02442592840928298 
0 0.14725825419792762 0.33979137127216047 0.07454730914189266 0.03241414290208083 
0 0.6490429731515738 0.3105414922420795 0.04843704517071064 0.01764831176170936 
0 0.20731563751514143 0.3720863782442533 0.0562739555652325 0.028530267568734977 
0 0.8988223809462327 0.33975845116835374 0.09064931135911208 0.02711035655095027 
0 0.6069807272690994 0.37363272446852464 0.04183042966402494 0.02104839911827674 
0 0.6487456468435434 0.371960841692411 0.053049747760479264 0.023138816540057842 
0 0.6023871898651123 0.40139346856337327 0.11237060106717624 0.038982428037203275 
0 0.8635250605069674 0.3840784292954665 0.07443538078894982 0.03111575200007512 
0 0.030821525133573092 0.469241032233605 0.061643050267146185 0.03600091200608473 
0 0.9762252292667444 0.4034235660846417 0.04754954089338963 0.024140137892503005 
0 0.023215818863648634 0.5163557896247277 0.04643163772729727 0.06503754395705003 
