0 0.30625984301933873 0.42767526553227353 0.05029416084289551 0.02882249538715069 
0 0.35843799664424014 0.45389800805311936 0.07243974392230694 0.025390221522404596 
0 0.0030297536689501544 0.5026105550619272 0.006059507337900309 0.025845417609581582 
0 0.19988621198214018 0.49576531923734224 0.0759724837083083 0.03349773700420673 
0 0.7107498462383564 0.4612460136413574 0.04935308603140024 0.018315975482647236 
0 0.2611335515975952 0.5278717554532565 0.05736165780287523 0.02939158219557542 
0 0.9595008995383978 0.488380633867704 0.08099820035008284 0.028296874119685247 
0 0.6681016041682317 0.5255279174217811 0.04263848524827223 0.021686847393329326 
0 0.7106243647061862 0.5234268812032846 0.054064163794884317 0.0239106325002817 
0 0.6635042887467605 0.5536764585054837 0.11449010555560772 0.04051047105055589 
0 0.9293610132657565 0.5335932878347543 0.07585488832913913 0.03218438075138973 
0 0.06794401430166684 0.6280847696157602 0.09034279447335464 0.0372624030480018 
0 0.04889763318575346 0.6761517157921424 0.09779526637150691 0.06705680260291466 
