0 0.3400400968698355 0.3335387339958778 0.05264986478365385 0.03495638187115009 
0 0.38025826674241286 0.3738972040323111 0.07317521021916316 0.0349571888263409 
0 0.017923749410189115 0.30206701388725865 0.03584749882037823 0.036228491709782526 
0 0.21742641008817232 0.3656293245462271 0.07787605432363656 0.04321930958674504 
0 0.7085332136887771 0.4867180860959567 0.050021978525015026 0.024787719433124248 
0 0.26419187509096587 0.4142501721015343 0.059474633290217474 0.0365454967205341 
0 0.9383048277634841 0.5887311421907865 0.09261307349571815 0.04067773085374098 
0 0.6470140677232009 0.5343817197359525 0.04418263068565956 0.027011944697453424 
0 0.6876342846797063 0.545187418277447 0.05543070573073167 0.03082550488985502 
0 0.6332909694084754 0.5594852337470422 0.11571528361393855 0.05561370116013747 
0 0.8895743076617901 0.6205066167391263 0.07754758688119742 0.04194824512188251 
0 0.04934460583787698 0.450468503511869 0.09218259556935383 0.04893970489501953 
0 0.9830201587711389 0.6726249548105093 0.033959681884600565 0.0311431884765625 
0 0.03388012601779057 0.4841505013979398 0.06776025203558114 0.0842136603135329 
