0 0.7370624542236328 0.2976177472334642 0.048469836895282455 0.03159680733313927 
0 0.6867487980769231 0.32628950705895055 0.06970625657301682 0.027856973501352165 
0 0.8388481140136719 0.37226029542776257 0.0731507814847506 0.03673623158381535 
0 0.34812509096585786 0.3340537181267372 0.04749745589036208 0.02009307421170748 
0 0.7797807913560134 0.4073673395010141 0.05525816403902494 0.032225535466120794 
0 0.10344359507927528 0.36356221712552583 0.08883496431203988 0.031055450439453125 
0 0.38869445140545184 0.40447543217585635 0.04107376245351938 0.023778255169208232 
0 0.34784311514634353 0.40214085578918457 0.05205656931950496 0.02622219232412485 
0 0.3929303059211144 0.4353013588831975 0.11017223504873422 0.04444544131939228 
0 0.13756869847957903 0.41309796846829927 0.07302921551924485 0.03529827411358173 
0 0.9606522778765514 0.5172535272744986 0.07869544367377575 0.040869676149808444 
0 0.026403428055346012 0.43323500339801496 0.048105201325737514 0.027282898242657002 
0 0.9678212677916656 0.5699167251586914 0.06435746384354737 0.07352718940147987 
