0 0.4136977195739746 0.18569833498734695 0.044498370243952826 0.029681847645686224 
0 0.45969623785752517 0.2172446342614981 0.06471938353318435 0.024766206741333008 
0 0.10521577413265522 0.25221819144028884 0.06983020672431359 0.024996464069073018 
0 0.31526043781867397 0.25590951626117414 0.06760833813593937 0.03363642325768104 
0 0.7767914258516752 0.24242305755615234 0.04405359121469351 0.018008342156043418 
0 0.3692031640272874 0.2944063590123103 0.050886961129995495 0.02996969223022461 
0 0.9818079286756424 0.2847639505679791 0.03638414207559366 0.027031329961923454 
0 0.7359066743117112 0.3115028418027438 0.037831819974459134 0.022098064422607422 
0 0.7742935327383188 0.3112349785291232 0.048109201284555286 0.024017792481642503 
0 0.7306855641878568 0.34243356264554536 0.10227328080397385 0.039568314185509317 
0 0.9685871049475211 0.3330697463108943 0.06282578953183614 0.03217722819401668 
0 0.19132647147545448 0.39596887735220104 0.08049664130577674 0.037130502554086536 
0 0.15488540209256685 0.44730817354642427 0.12121750758244441 0.0680988018329327 
