0 0.6317845307863675 0.2561421852845412 0.04474078691922701 0.030982182576106146 
0 0.4867264674260066 0.3378231158623329 0.06797401721660908 0.07846733239980844 
0 0.5328673216012808 0.33804630316220796 0.04109954833984375 0.06477046012878418 
0 0.5801933728731595 0.3354720060641949 0.0450433584359976 0.06498496349041279 
0 0.42433663514944225 0.3562482320345365 0.049266778505765475 0.043463486891526446 
0 0.2882013412622305 0.45930768893315244 0.05390136058513935 0.08585867514977089 
0 0.2196266192656297 0.4862681168776292 0.07413810950059158 0.09783502725454477 
0 0.1664390701514024 0.5041926273932824 0.05351324264819805 0.07768084452702449 
0 0.9818273689597845 0.4760703490330623 0.0363452615073094 0.039017053750845104 
0 0.4527451441838191 0.5104829714848444 0.04868456033559946 0.031196740957406852 
0 0.29249171110299915 0.5219328953669622 0.05840437228863056 0.04260107187124399 
0 0.22600784668555626 0.5651775506826547 0.08603429794311523 0.09984163137582633 
0 0.033471340170273416 0.5906818830049955 0.042046805986991294 0.029476165771484375 
