0 0.2923157031719501 0.36355985127962553 0.04716088221623348 0.03266088779156025 
0 0.4516365894904503 0.4249358360583966 0.07291188606849083 0.08126343213594876 
0 0.4045577232654278 0.4316867131453294 0.04478106131920448 0.06659665474524865 
0 0.3558845336620624 0.43580044232881987 0.04883718490600586 0.06693950066199669 
0 0.5178666481604943 0.4345837372999925 0.05230712890625 0.04538514063908504 
0 0.6710134286146897 0.5186567489917462 0.05876636505126953 0.08826076067410983 
0 0.7447304725646973 0.5359875238858737 0.0800158427311824 0.10098046522874099 
0 0.8014962856586163 0.546435337800246 0.05803959186260517 0.08000656274648812 
0 0.5100432726053091 0.5932433421795185 0.05121696912325346 0.033003733708308294 
0 0.6752335475041316 0.5820538080655612 0.06165034954364483 0.04480926807110126 
0 0.7490520477294922 0.6160074747525729 0.09230525677020733 0.10338467818040115 
0 0.9491333227891189 0.6143425978147067 0.04433565873366136 0.031056660872239333 
