0 0.3929283985724816 0.24271094799041748 0.04174969746516301 0.030049782532912035 
0 0.5338903390444242 0.29813969135284424 0.0646505722632775 0.07457005060636081 
0 0.49231976729172927 0.3045184062077449 0.0397638174203726 0.06104491307185246 
0 0.44933183376605695 0.3084925963328435 0.04334611159104567 0.06137611315800594 
0 0.5924354333143967 0.30667291237757754 0.04633661416860727 0.04169821739196777 
0 0.7280186506418082 0.38288347537700945 0.0521851319533128 0.08090048569899339 
0 0.7932040507976825 0.39840956834646374 0.07098968212421124 0.09261619127713717 
0 0.8433903914231521 0.4077155223259559 0.051515432504507214 0.07335571142343375 
0 0.1019938037945674 0.491470245214609 0.0400311855169443 0.037373799544114336 
0 0.5860546002021203 0.45179049785320574 0.04533206499539889 0.030381019298846904 
0 0.7319591962374173 0.44083736493037295 0.05458376957820012 0.0412135124206543 
0 0.7972899216871995 0.47156346761263335 0.0818484379695012 0.09486715610210712 
0 0.9740518056429349 0.46916767267080456 0.03924978696382963 0.028571569002591647 
