0 0.2756049449627216 0.22783277584956244 0.04560422897338867 0.034635177025428183 
0 0.4282704133253831 0.2807902372800387 0.07236289978027344 0.08388134149404672 
0 0.38463847453777605 0.289902008496798 0.04545120092538687 0.06796884536743164 
0 0.3393584948319655 0.2964712014565101 0.049224523397592396 0.06851627276493953 
0 0.49079003700843227 0.28701931696671706 0.05113366933969351 0.04744553565979004 
0 0.6390308233407828 0.3628723621368408 0.05969810485839844 0.09004934017474835 
0 0.7090100875267615 0.3763643228090726 0.08012573535625751 0.10368688289935772 
0 0.7627252432016226 0.38387073003328764 0.05852728623610277 0.08187407713669997 
0 0.0024296675737087545 0.5137221263005183 0.004859335147417509 0.04244547623854417 
0 0.49290968821598935 0.4452689977792593 0.0493775881253756 0.03518265944260817 
0 0.6467486895047702 0.4257318606743446 0.05974300091083233 0.04736031018770658 
0 0.7178116945120004 0.4557568109952487 0.09164083920992337 0.10669165391188401 
0 0.9048512532160833 0.4439206306750958 0.042893483088566706 0.03290766936082106 
