0 0.7800506811875564 0.4169960938967191 0.048673116243802585 0.035884893857515775 
0 0.617739567389855 0.46132933176480806 0.07806711930495042 0.0849150510934683 
0 0.663456916809082 0.47246617537278396 0.04947515634390024 0.0681166282066932 
0 0.7109810389005221 0.4811892509460449 0.0534356190608098 0.06884354811448318 
0 0.5516977676978478 0.4643070147587703 0.054823141831618086 0.04856417729304387 
0 0.393414515715379 0.5313426714677078 0.06500570590679462 0.09021792045006385 
0 0.3193123707404503 0.5410770086141733 0.08675380853506234 0.1044768186715933 
0 0.2625114000760592 0.5457508197197547 0.06354588728684646 0.08224967809823844 
0 0.545083266038161 0.6195800671210656 0.052633432241586536 0.03661181376530574 
0 0.3835427944476788 0.5926746405087985 0.06382061884953426 0.04893225889939528 
0 0.3078411267353938 0.6185877506549542 0.0988781085381141 0.10798564324012169 
0 0.11110809674629799 0.5975769849923941 0.045789544398968034 0.0340722157404973 
