0 0.5365037184495193 0.537867967899029 0.18887732579157904 0.046792800609882064 
0 0.2901640305152306 0.5764600680424616 0.15535743419940656 0.13061281350942758 
0 0.44394903916579026 0.6570829244760367 0.3413851811335637 0.16760400625375602 
0 0.21345765774066633 0.801938350384052 0.21318531036376953 0.15598531869741586 
0 0.5552041530609131 0.2342450893842257 0.15506689365093523 0.043882204936100885 
0 0.05345960763784555 0.2794337089245136 0.1069192152756911 0.08318713995126578 
0 0.18807664284339318 0.3725618765904353 0.25661534529465896 0.0875858526963454 
0 0.4853990994966947 0.4177333850127 0.36716241102952224 0.2949867065136249 
0 0.043288010817307696 0.49200246884272647 0.08657602163461539 0.12489036413339469 
0 0.22650582973773664 0.49273874209477353 0.165098997262808 0.09567367113553561 
