0 0.5246362135960505 0.5752679934868445 0.16334243921133187 0.07980254980234 
0 0.3322439010326679 0.6577516335707444 0.15376527492816633 0.154510131249061 
0 0.4744141468634972 0.7074036414806659 0.3127269378075233 0.224334533397968 
0 0.3173122772803673 0.8896190569950984 0.20610273801363432 0.18959903717041016 
0 0.47588515281677246 0.27856534260969895 0.13525460316584662 0.07078997905437763 
0 0.06456140371469352 0.4224690107198862 0.12912280742938703 0.1162260862497183 
0 0.20618207638080305 0.4795399812551645 0.22698219005878156 0.13158600146953875 
0 0.45772400269141567 0.46860799422630894 0.36051387053269607 0.3519481879014235 
0 0.10097852120032677 0.6242995812342718 0.12164387336144081 0.14200793779813325 
0 0.26278517796443057 0.5885670368488019 0.15431946974534255 0.12259299938495342 
