0 0.43816839731656587 0.5237957514249362 0.1937711055462177 0.04619862483097957 
0 0.6910451558920053 0.5569142928490272 0.15981340408325195 0.12579543773944563 
0 0.5343875701610858 0.63603164599492 0.3506185458256648 0.1626289441035344 
0 0.7722503221951998 0.7706535412715032 0.21919118441068208 0.1504669923048753 
0 0.41550183296203613 0.2347236963418814 0.15911017931424654 0.043137660393348105 
0 0.9375986317889049 0.2696725863676805 0.12480273584906872 0.08094382286071777 
0 0.7933041866009052 0.36108460793128383 0.26337645604060245 0.08565044403076172 
0 0.4891504874596229 0.408549427986145 0.3776292067307692 0.2842451792496901 
0 0.9491999331288613 0.4725312086252066 0.10160013316915585 0.12001866560715896 
0 0.7553114524254432 0.4761829192821796 0.1696325448843149 0.09258075860830453 
