0 0.4511563044327956 0.6674649165226862 0.1892542839050293 0.05506691565880409 
0 0.6972346305847168 0.69226807814378 0.1597887919499324 0.13614639869103065 
0 0.5489926338195801 0.7800507545471191 0.3457809594961313 0.1814124034001277 
0 0.7848264254056491 0.9105001963101901 0.21822621272160456 0.16389956841102013 
0 0.4170273267305814 0.36904773345360387 0.15562086838942307 0.05059972176185021 
0 0.9308436098866738 0.3842152815598708 0.13831277965353087 0.09129700293907753 
0 0.7879165502694937 0.4856967559227577 0.2582017458402194 0.0984957768366887 
0 0.49562339599315935 0.5462420720320481 0.3770227615649884 0.30825347166795 
0 0.9459169459744141 0.5948674495403583 0.10816610747805008 0.1287061984722431 
0 0.7560117061321552 0.6062792447897104 0.1678787378164438 0.10214977997999924 
