0 0.359164834022522 0.6504790966327374 0.20230504182668832 0.05630185053898738 
0 0.6219350374661959 0.6677397031050462 0.17194351783165565 0.13158464431762695 
0 0.46493252424093395 0.7538913580087515 0.37064931942866397 0.17861777085524339 
0 0.7181081038254958 0.8706998091477615 0.23454695481520432 0.15904720012958234 
0 0.319002234018766 0.3708391006176288 0.16641974449157715 0.05128269929152269 
0 0.8964997436851263 0.3717253574958214 0.2070005120566258 0.0904828218313364 
0 0.7160487541785607 0.47135536487285906 0.2763030712421124 0.09871989030104417 
0 0.40506346409137434 0.53544937647306 0.40553727516761195 0.29830173345712513 
0 0.8932307316706731 0.5699101778177115 0.13141661423903245 0.12367149499746469 
0 0.6835403075584998 0.5854741976811335 0.1801306651188777 0.0999131569495568 
