0 0.9057796918428861 0.21724876990685096 0.04028041546161358 0.04981528795682467 
0 0.40715582554156965 0.1666700427348797 0.06767731446486253 0.047858870946444 
0 0.7994501774127667 0.2148213478235098 0.07493363893949069 0.0642230877509484 
0 0.6352168963505671 0.21130359172821045 0.03228356288029598 0.0381772884955773 
0 0.7230350787823017 0.22166002713716948 0.09018707275390625 0.05980407274686373 
0 0.7465818111713116 0.23888542101933405 0.05109126751239483 0.03052524419931265 
0 0.8463954925537109 0.2504882629101093 0.030210348275991585 0.03195795646080604 
0 0.883122444152832 0.2813987456835233 0.060568736149714544 0.06513204941382775 
0 0.21774761493389422 0.21472509090717024 0.06456712576059195 0.076354613670936 
0 0.5684282596294696 0.2610155435708853 0.11284505403958835 0.07296547522911659 
0 0.7071900000939002 0.2852862798250638 0.09181594848632812 0.08398907001201923 
0 0.8043380517225999 0.2966121435165405 0.0422057371873122 0.03320431709289551 
0 0.9720313731007851 0.3148927046702458 0.055937253225308195 0.0867764216202956 
0 0.7751640906700721 0.30343327155480015 0.030062308678260215 0.030741764948918268 
0 0.7495443270756648 0.303234338760376 0.04457525106576773 0.031049031477708083 
0 0.6260365339425894 0.33104254649235654 0.04131720616267277 0.025907296400803786 
0 0.5346648693084717 0.39421043029198277 0.0587916374206543 0.06134506372305063 
0 0.2137509034230159 0.3805703566624568 0.07611826749948356 0.07395249146681565 
0 0.9933573648046988 0.4846761226654053 0.013285269817480674 0.0730737172640287 
0 0.927700556241549 0.5249532736264743 0.0909269773043119 0.11992032711322491 
