0 0.7536589549137995 0.05596524133132054 0.04365891676682692 0.05895915168982286 
0 0.3160779384466318 0.1858222851386437 0.06685739297133225 0.06091103186974159 
0 0.6635895875784067 0.09233166162784283 0.07606190901536208 0.0793990263572106 
0 0.5245610750638522 0.14874242819272554 0.03467435103196364 0.04539308181175819 
0 0.6021904211777908 0.12737518548965454 0.08837443131666917 0.07694133428426889 
0 0.6286111428187444 0.13664182791343102 0.049456339616041914 0.04001728387979361 
0 0.716778828547551 0.1121813700749324 0.031764837411733776 0.0384674072265625 
0 0.7595573572012094 0.13083139749673697 0.06387710571289062 0.07825123346768893 
0 0.17595754219935492 0.3049662755085872 0.06934883044316219 0.09078618196340707 
0 0.48786572309640736 0.22476290739499605 0.11023906561044547 0.09428800069368802 
0 0.613595724105835 0.1992064851980943 0.09415850272545448 0.10292562154623178 
0 0.6994214791517991 0.17543339729309082 0.04230315868671124 0.04156061319204477 
0 0.8539846126849835 0.13006611053760236 0.07798561683067909 0.10303583511939415 
0 0.6776139185978816 0.193182110786438 0.03141696636493389 0.037151024891779974 
0 0.656061759361854 0.20234505029825064 0.04394942063551683 0.039615209286029525 
0 0.5633246165055495 0.2763747893846952 0.04021662932175856 0.033662264163677506 
0 0.5112442053281344 0.3753512089069073 0.06166300406822792 0.0739583235520583 
0 0.2369553676018348 0.4785558810600868 0.0788439603952261 0.08993027760432316 
0 0.958770054893998 0.28521307615133434 0.08245988963888241 0.09285484827481784 
0 0.8914226752061111 0.367309753711407 0.09990728818453275 0.14104285606971154 
