0 0.6997379889855018 0.036538405487170585 0.046732389009915866 0.055015312937589794 
0 0.1802186553294842 0.13228386182051438 0.07480347156524658 0.05522003540625939 
0 0.5918930493868314 0.06541801072083987 0.08398804297814003 0.07280467794491695 
0 0.4254006605881911 0.11025897814677312 0.037273406982421875 0.04227785880749042 
0 0.5174086093902588 0.09486264219650856 0.09927173761221078 0.0694610934991103 
0 0.5471617808708777 0.10536266290224515 0.05589011999276968 0.03586723254277156 
0 0.6516782687260554 0.08769298516787015 0.03448933821458083 0.03565052839425894 
0 0.6995082268348107 0.1081638909303225 0.06925758948692909 0.07257602306512687 
0 0.021905938020119302 0.23675866310413068 0.043811876040238604 0.08455571761498085 
0 0.3756856551537147 0.1802731339748089 0.12401881584754357 0.08497710411365215 
0 0.5238491571866549 0.16395022318913385 0.10345906477708083 0.09470737897432767 
0 0.6255859595078689 0.14678572691403902 0.04699787726769081 0.03792390456566444 
0 0.8090441410358136 0.11344318894239572 0.08372710301325871 0.09601820890720074 
0 0.5986303182748648 0.16228977533487174 0.034210498516376205 0.03437561255234938 
0 0.5727811593275803 0.16963895926108727 0.049219791705791764 0.03587921766134409 
0 0.4582882844484769 0.23419304077441877 0.04532465567955604 0.030274226115300104 
0 0.3885712440197284 0.3250755713536189 0.0670310900761531 0.0684985747704139 
0 0.06086250795767857 0.40584487181443435 0.08621886372566223 0.08300421788142277 
0 0.926742957188533 0.2683601471093985 0.11317891340989333 0.08423128494849572 
0 0.8300479008601263 0.3416101840826181 0.10626558157113883 0.1319452982682448 
