0 0.10833501815795898 0.21191227436065674 0.039436707129845254 0.05143420512859638 
0 0.6163206283862774 0.17571320900550255 0.06751907788790189 0.04839908159696139 
0 0.21637454399695763 0.21298922025240385 0.07436370849609375 0.06550444089449368 
0 0.3832410665658804 0.2148963212966919 0.03166873638446514 0.039368464396550104 
0 0.2937243901766263 0.22279611000647911 0.09011584061842698 0.060282340416541465 
0 0.2692272846515362 0.24011986072246844 0.05116880857027494 0.03059218480036809 
0 0.16748897845928484 0.24892168778639573 0.029767403235802285 0.032843479743370645 
0 0.12914107396052435 0.28019748284266544 0.05964352534367488 0.0669719072488638 
0 0.8069803623052744 0.23275529421292818 0.06333756446838379 0.07873692879310021 
0 0.44934839468735915 0.2694942492705125 0.11282132222102238 0.07345054699824406 
0 0.3076320061316857 0.2902974898998554 0.09093152559720553 0.08588126989511344 
0 0.20860961767343375 0.29889883444859433 0.04198903303879958 0.033745490587674655 
0 0.032428668095515326 0.31212848883408767 0.06485733619103065 0.08951770342313327 
0 0.23799621141873872 0.3070737857085008 0.029658757723294772 0.031558531981248125 
0 0.26401479427631086 0.30773941370157093 0.04448765974778395 0.03137601338900053 
0 0.3884595174055833 0.34122301981999326 0.04133697656484751 0.02603574899526743 
0 0.47906494140625 0.41082156621492827 0.057959556579589844 0.06301678144014798 
0 0.8053561540750357 0.4074272009042593 0.07523316603440505 0.07578409635103665 
0 0.008042188791128306 0.48884080006526065 0.01608437758225661 0.07393374809852013 
0 0.07553650782658504 0.5349914844219501 0.0887599358191857 0.12402908618633564 
