0 0.8151520582345816 0.07880084101970379 0.039761836712176986 0.057827880749335654 
0 0.36896254466130185 0.008250111570725074 0.06388033353365384 0.016500223141450148 
0 0.719338637131911 0.06873950132956871 0.07164661700908954 0.07618197110983041 
0 0.5713297403775729 0.053458564556561984 0.03172522324782152 0.044418055277604326 
0 0.6497979164123535 0.07112726798424354 0.08480284764216496 0.07238532946659969 
0 0.6696874178372897 0.09205599473072933 0.04776719900277945 0.037305125823387734 
0 0.7588872175950271 0.11194960887615497 0.029380358182466947 0.037407636642456055 
0 0.7895881579472468 0.1491240904881404 0.0589911387516902 0.07616791358360878 
0 0.19411757359137902 0.03644407253998976 0.06345053819509652 0.07288814507997952 
0 0.5070681205162635 0.10455544636799739 0.105955930856558 0.08851450223189133 
0 0.630426443540133 0.1413339376449585 0.08822066967303936 0.09919091371389535 
0 0.7172413605910081 0.1607331266769996 0.04011198190542368 0.039632549652686484 
0 0.8746387041532077 0.19336524376502404 0.07125663757324219 0.10089327738835262 
0 0.6903568047743577 0.16636278079106256 0.029149789076585036 0.03605497800386869 
0 0.6672401428222656 0.16437100447141206 0.04203576308030348 0.037421684998732344 
0 0.5535094004410964 0.18700619844289926 0.03872889738816481 0.031516698690561146 
0 0.46598023634690505 0.25148478838113636 0.057107191819411054 0.07186278930077186 
0 0.17730755989368147 0.21404312207148626 0.07349063799931453 0.08700308432945839 
0 0.9131403336158166 0.3876048051393949 0.09664718921367939 0.08788941456721379 
0 0.8104513975290152 0.4251330815828763 0.09036629016582783 0.1387813274676983 
