0 0.8816878612224872 0.5862308465517484 0.06611171135535607 0.04894539026113657 
0 0.48892608055701625 0.1770686644774217 0.07580008873572716 0.03824107463543232 
0 0.5946930188399094 0.1875316363114577 0.07541014597966121 0.043139200944166914 
0 0.422240844139686 0.22068201578580415 0.03353111560528095 0.02704029816847581 
0 0.6350119480719933 0.21089510734264666 0.055929954235370345 0.03596872549790602 
0 0.6925019851097693 0.2073569389489981 0.07951699770413913 0.051316169592050404 
0 0.5742311844458947 0.2415317755479079 0.07502012986403245 0.04803730891301082 
0 0.34082790521474987 0.2894390638058002 0.05878140376164363 0.051374343725351185 
0 0.18904406290787917 0.32954081205221325 0.06319300944988544 0.04718742003807655 
0 0.2724793049005362 0.324065795311561 0.04332283826974722 0.04491512592022236 
0 0.7838820310739371 0.2747231355080238 0.0617673580463116 0.03948459258446327 
0 0.38883601702176607 0.36182407232431263 0.06870753948505108 0.04195382044865535 
0 0.5348857916318454 0.35057880328251767 0.04615625968346229 0.03920734845674955 
0 0.4064332521878756 0.3746218681335449 0.0431523689856896 0.0299835938673753 
0 0.98218088869292 0.2809546452302199 0.035638222041038364 0.03711386827322153 
0 0.5561686112330511 0.43564523183382475 0.10853316233708309 0.05396421139056866 
0 0.6492431713984563 0.4523303508758545 0.0563199703509991 0.031070599189171426 
0 0.5538645340846136 0.5129506404583271 0.07140662119938777 0.06354133899395283 
0 0.8176606618441068 0.502094763975877 0.06617890871488132 0.03529772391686073 
0 0.8127066538884089 0.5202065981351413 0.07154097923865685 0.03624600630540114 
