0 0.8479372171255258 0.6906931950495794 0.06014295724722055 0.04436008746807392 
0 0.5778365135192871 0.18340842540447527 0.0711058103121244 0.0316618772653433 
0 0.6742834678063025 0.2197101666377141 0.07012748718261719 0.03697057870718149 
0 0.5050884393545297 0.21102500878847563 0.030237491314227764 0.024878520231980544 
0 0.7064426862276517 0.25303711340977597 0.051534212552584134 0.03168738805330717 
0 0.7610604212834284 0.26348964067605823 0.07324600219726562 0.0452425479888916 
0 0.642303283397968 0.26903998851776123 0.06914909069354717 0.042279298488910384 
0 0.4125853135035588 0.2603432765373817 0.052530105297382064 0.047878338740422174 
0 0.26107061826265776 0.26368747307704044 0.057439363919771634 0.04283433694105882 
0 0.3404181737166185 0.27851516466874343 0.037867802840012774 0.042859902748694785 
0 0.8305194561298077 0.3535219155825101 0.05694139920748197 0.03473887076744667 
0 0.44028063920828014 0.3448531994452843 0.06357592802781326 0.036529357616718 
0 0.5795702017270602 0.3691371037409856 0.04138377996591421 0.03637842031625601 
0 0.4536981215843788 0.3620148071875939 0.03949260711669922 0.026845491849459134 
0 0.9992795722702374 0.4096697293795072 0.0014408548864034505 0.03385646526630108 
0 0.5792511976682223 0.4598893385667067 0.10190673974844125 0.04448538560133714 
0 0.6623462163485013 0.49935636153587926 0.052512755760779746 0.026378668271578275 
0 0.5587142797616812 0.5370864501366248 0.06367646730863132 0.05937818380502554 
0 0.80805176955003 0.5904590900127704 0.06185076786921574 0.029694850628192607 
0 0.7991110728337214 0.6074697971343994 0.0670918684739333 0.030047893524169922 
