0 0.7748721562899076 0.8063988318810096 0.05764895219069261 0.04646374629094051 
0 0.5272913896120511 0.28020508472736066 0.06780400642981896 0.033568785740779 
0 0.6181381115546594 0.31896039155813366 0.06696873444777268 0.039011625143197864 
0 0.45784058937659633 0.30760316665355975 0.029027425325833835 0.026008037420419548 
0 0.6480722427368164 0.35373526353102464 0.049289850088266224 0.03331338442288912 
0 0.6996888747582068 0.3652773453639104 0.07005933614877555 0.047559334681584284 
0 0.5869805629436786 0.3692978345430814 0.06613342578594501 0.04445442786583534 
0 0.3692907736851619 0.35706512744610125 0.050506995274470404 0.04997062683105469 
0 0.22555638276613676 0.35834659062899077 0.055065430127657376 0.04485647494976337 
0 0.30055002065805286 0.3747465427105243 0.036551255446213946 0.044601146991436295 
0 0.7640378658588116 0.45897265580984264 0.054456857534555286 0.03652789042546199 
0 0.39412927627563477 0.44447827339172363 0.06076350578894982 0.038463775928203874 
0 0.5258051432096041 0.47147042934711164 0.03976719196026142 0.037989322955791764 
0 0.40656353877140927 0.4623406666975755 0.03781612102801983 0.02816313963669997 
0 0.9432253837585449 0.5194973762218769 0.04204640021690956 0.03543226535503681 
0 0.5239731531876785 0.5649114021888146 0.09715949572049655 0.04719345386211689 
0 0.6021051406860352 0.6067353762113131 0.0501251220703125 0.027870618380033053 
0 0.5031973948845496 0.6441064614516038 0.06124683526846079 0.06195193070631761 
0 0.738739013671875 0.7026209464439979 0.05901527404785156 0.03141373854417067 
0 0.7299741231478177 0.7200088867774377 0.06397944230299729 0.03185191521277794 
