0 0.8618873449472281 0.6472413356487567 0.06109487093411959 0.0431523689856896 
0 0.5299168550051175 0.18750270513387826 0.07248882146982047 0.03062576514024001 
0 0.632064727636484 0.21072891125312218 0.07142026607806866 0.03584049298213078 
0 0.45909287379338193 0.2235001692405114 0.03068410433255709 0.024222832459669847 
0 0.6685265761155349 0.23912421556619498 0.052428172184870794 0.030771787349994365 
0 0.7252291532663199 0.24244433182936448 0.07451416895939754 0.043937279627873346 
0 0.6051390904646653 0.2627410521874061 0.07035163732675406 0.04105520248413086 
0 0.37064365240243763 0.2830925721388597 0.05324825873741737 0.046651400052584134 
0 0.21700547291682318 0.30535142238323504 0.05834267689631535 0.041672156407282904 
0 0.2993413209915161 0.3098269059107854 0.038282082631037787 0.04181814193725586 
0 0.8060241479140061 0.3213386352245624 0.05793270697960487 0.03373230420626127 
0 0.4083603345430814 0.36185182057894194 0.06471061706542969 0.03544803766103891 
0 0.5526981353759766 0.3680101724771353 0.04196621821476863 0.03543710708618164 
0 0.42394153888408953 0.3768681012667142 0.0401458740234375 0.02609553703894982 
0 0.9916086929062238 0.35214688227726865 0.016782613614430793 0.032947540283203125 
0 0.5626443532797006 0.45635740573589617 0.10389984571016751 0.04301738739013672 
0 0.6515780228834885 0.48433839357816255 0.0534968742957482 0.02555707784799429 
0 0.550504757807805 0.5340507580683782 0.0645303726196289 0.05786572969876803 
0 0.8099996860210712 0.5547106266021729 0.06302701509915866 0.028753023881178636 
0 0.8028365281911997 0.5723844674917368 0.06839466094970703 0.029067039489746094 
