0 0.7821485079251803 0.6465698022108811 0.06955777681790866 0.053026712857759915 
0 0.3562813905569223 0.22825511602255014 0.07875625903789814 0.04220876326927772 
0 0.46576488935030425 0.23605979405916655 0.07863462888277493 0.047289298130915716 
0 0.2898703630153949 0.2761239271897536 0.03540227963374211 0.029198499826284554 
0 0.5085105712597187 0.25940528282752406 0.058542655064509466 0.039204964270958535 
0 0.5675398569840652 0.25394824834970325 0.08324135266817533 0.05592426886925331 
0 0.44750461211571324 0.2934523637478168 0.07851296204787034 0.05236986967233511 
0 0.20960077872643104 0.3508731401883639 0.062282708974984974 0.05531582465538612 
0 0.05535663320468022 0.3976212464846097 0.0665094256401062 0.05110458227304312 
0 0.14100801944732666 0.3893439586345966 0.046295771232018106 0.048100764934833236 
0 0.6651714398310735 0.3220141942684467 0.06463938492995042 0.043049133740938626 
0 0.26282169268681455 0.4255262521597055 0.0717928592975323 0.04584048344538762 
0 0.41266412001389724 0.4092903137207031 0.04884250347430889 0.04225716224083534 
0 0.2816136616926927 0.43844982293935925 0.04529241415170523 0.03256937173696665 
0 0.8762931823730469 0.3223819365868202 0.05095584575946514 0.04015152270977314 
0 0.43901956998384917 0.49808382987976074 0.11272180997408353 0.05961385140052208 
0 0.535754497234638 0.5128137881939228 0.05866432189941406 0.03412437438964844 
0 0.4406763406900259 0.5794302867009089 0.07572287779587966 0.0683744870699369 
0 0.7118156873262845 0.560045994245089 0.06886599614070012 0.03883783633892353 
0 0.7076573371887207 0.5792379929469182 0.0743395731999324 0.03999684407160832 
