0 0.6148167390089768 0.2057727758701031 0.06161190913273738 0.0629110519702618 
0 0.8742389678955078 0.21754821447225717 0.06003585228553185 0.05331048598656288 
0 0.09733611803788406 0.2642897550876324 0.02971795889047476 0.09632908380948581 
0 0.011319103149267344 0.3828930121201735 0.022638206298534688 0.05578041076660156 
0 0.14195107611326072 0.5861801000741812 0.24435228338608375 0.30488102252666766 
0 0.4377320729769193 0.5834296116462121 0.050023592435396634 0.13642212060781625 
0 0.7540319516108587 0.07255534254587613 0.038464839641864486 0.052810535981104925 
0 0.30345720511216384 0.6727461448082557 0.06458851007314828 0.07664299011230469 
0 0.2115013232597938 0.8541278839111328 0.053738960852989785 0.09415333087627704 
0 0.13760264561726496 0.8859438162583572 0.04945680728325477 0.15826966212346003 
0 0.7864596293522761 0.13337832689285278 0.038464913001427285 0.05281054973602295 
