0 0.6155880414522611 0.11177054735330436 0.06336769690880409 0.06895281718327449 
0 0.8671294725858248 0.10040282515379098 0.06124056302584135 0.05913435037319477 
0 0.1190144603069012 0.21757546754983756 0.03474458364339975 0.09976641948406513 
0 0.03075970594699566 0.34670120019179124 0.05047483627612774 0.06060435221745418 
0 0.1825056763795706 0.5398672360640305 0.25482332706451416 0.3292814768277682 
0 0.4682782063117394 0.5105083722334641 0.05685516504141001 0.14200412310086763 
0 0.3441171646118164 0.613110615656926 0.06710632030780499 0.08306136498084435 
0 0.26669118954585147 0.8052375133220966 0.05775858805729793 0.09973445305457482 
0 0.19726194785191462 0.8441276917090783 0.057692766189575195 0.16397380828857422 
0 0.7769448940570538 0.025655127488649808 0.04041847815880409 0.051310254977299616 
