0 0.7605379544771634 0.1480106757237361 0.06827031649076022 0.06036112858698918 
0 0.1692835000845102 0.19582418295053336 0.030837095700777493 0.09358710509080154 
0 0.05271194760616009 0.3097937015386728 0.05377534261116615 0.05362611550551195 
0 0.20990657806396484 0.5107685052431546 0.26900364802433896 0.29349902959970325 
0 0.5468831429114709 0.5133970150580773 0.05272337106557993 0.13239614780132586 
0 0.9233199633084811 0.02297720771569472 0.04219260582557091 0.04595441543138944 
0 0.3911181413210355 0.5981519955855149 0.07122953121478741 0.07372478338388297 
0 0.2806385572140033 0.7735164348895733 0.05830088028540978 0.09102894709660457 
0 0.19546177754035363 0.8032391988314115 0.05138402718764085 0.15375320728008562 
0 0.9583285771883451 0.08044171333312988 0.04219267918513371 0.050908455481896035 
