0 0.7016784227811373 0.23036278211153471 0.06451797485351562 0.0673530651972844 
0 0.9716749923447003 0.2569713042332576 0.05665001473747767 0.05711291386530949 
0 0.15206394745753363 0.2645588471339299 0.03047772554250864 0.1028144176189716 
0 0.04062695743945929 0.3854055404663086 0.050942108035087585 0.059689961946927585 
0 0.18046521452757028 0.6095455609835111 0.255339122735537 0.3261423844557542 
0 0.49283077166630673 0.6226680278778076 0.051552882561316855 0.1456454717195951 
0 0.8563598486093374 0.09614267716040978 0.04014748793381911 0.05647448393014761 
0 0.3459131717681885 0.7104354638319749 0.06753096213707557 0.08200330000657302 
0 0.23831868171691895 0.8984779211191031 0.05589151382446289 0.10061293381911057 
0 0.15846890669602615 0.9219317067987643 0.05074108563936674 0.15613658582934967 
0 0.8870563873877892 0.1626319931103633 0.040147561293381914 0.05647449310009296 
