0 0.6567188042860764 0.16263774725107047 0.060685304495004505 0.06808372644277719 
0 0.8979953619150015 0.20478553955371565 0.05875235337477464 0.058237937780526966 
0 0.16660428964174712 0.16160467496285072 0.03241331760699932 0.09975636005401611 
0 0.06122825237420889 0.2701651683220497 0.04825928578009972 0.05995482664841872 
0 0.17365780014258164 0.4927555781144362 0.24331419743024385 0.32617822060218227 
0 0.45049174015338606 0.5244300365447998 0.05333551993736854 0.14182769335233247 
0 0.8012207471407377 0.043958065601495594 0.038530936607947715 0.05623111816552969 
0 0.31533567722027117 0.5992302894592285 0.06412623478816105 0.08221662961519681 
0 0.209832475735591 0.7721881499657264 0.054801335701575644 0.09921990908109225 
0 0.13731586933135986 0.7957961009098933 0.05384520383981558 0.16394453782301682 
0 0.8249897223252517 0.10932666063308716 0.038530863248384915 0.05623110441061167 
