0 0.4732496738433838 0.5266414972452017 0.06069678526658278 0.03528789373544546 
0 0.8825623438908503 0.6530173741854154 0.04114591158353365 0.04134185497577374 
0 0.6068291847522442 0.5991990566253662 0.032080466930682845 0.04203990789560171 
0 0.43445985133831316 0.5682117938995361 0.05092133008516752 0.0383149293752817 
0 0.5244516959557166 0.5897610921126145 0.04545241135817308 0.0458836555480957 
0 0.7638916235703689 0.6391519216390756 0.05837198404165415 0.059508873866154596 
0 0.5571483281942514 0.6001273485330435 0.019870794736422025 0.026085596818190355 
0 0.9610701340895432 0.6829503499544584 0.05404985868013822 0.04879547999455379 
0 0.36997149540827823 0.5689062705406775 0.026790838975172777 0.026202642000638522 
0 0.723760017981896 0.6419440782987155 0.02106446486253005 0.02631862346942608 
0 0.8395284505990835 0.671180798457219 0.02943567129281851 0.03412129328801082 
0 0.424590697655311 0.600817295221182 0.021033213688777044 0.013975253471961388 
0 0.3625052892244779 0.5953400501838098 0.04063092745267428 0.026436475607065055 
0 0.44365785672114444 0.6178203729482797 0.040162856762225814 0.03004631629356971 
0 0.6890660799466647 0.6683760789724497 0.027274498572716348 0.02876450465275691 
0 0.8012535755450909 0.6969139392559345 0.027516511770395134 0.030045435978816107 
