0 0.371233554986807 0.5655044042147123 0.06445807677048904 0.026642212500939004 
0 0.8457592817453238 0.5900006294250488 0.040558228125939004 0.035732269287109375 
0 0.5337612812335675 0.6030070781707764 0.029856094947228067 0.037807647998516374 
0 0.339371919631958 0.6136408769167386 0.05250817078810472 0.03118731425358699 
0 0.44217505821814906 0.6131505049191989 0.04476459209735577 0.03969005437997671 
0 0.7137567079984225 0.6043590765732986 0.05738361065204327 0.051563189579890326 
0 0.4801473617553711 0.6153627725747916 0.018484775836651143 0.02346489979670598 
0 0.9381690758925217 0.6000642226292536 0.05427059760460487 0.04134702682495117 
0 0.2696533019726093 0.6291981110206017 0.026537161607008714 0.022539799030010518 
0 0.6709480285644531 0.6162643799415002 0.019835398747370794 0.02352120326115535 
0 0.8035681797907903 0.6170611564929669 0.02819662827711839 0.030173705174372747 
0 0.3366582210247333 0.6466462061955378 0.022022027235764723 0.011004374577448918 
0 0.26803288092980015 0.6558324373685397 0.04264193314772386 0.02068959749661959 
0 0.36148443588843715 0.6582621060884916 0.04144569543691782 0.024422132051908053 
0 0.6398194019611065 0.6491892154400165 0.026640011714054987 0.02506564213679387 
0 0.7683876477755033 0.650154920724722 0.026691583486703727 0.026328600369966947 
