0 0.5395978230696458 0.5524296760559082 0.06178067280695988 0.030164425189678486 
0 0.09505719863451444 0.6309016117682824 0.03946402439704308 0.03957928144014799 
0 0.3904864054459792 0.61081495651832 0.029408711653489333 0.04162865418654222 
0 0.5748260388007531 0.601038382603572 0.05062231650719276 0.03487183497502254 
0 0.477892490533682 0.6117644676795373 0.04356475976797251 0.04395763690655048 
0 0.22100668687086839 0.6319875166966364 0.05586679165179913 0.05709277666532076 
0 0.4423468296344464 0.6183167237501878 0.01820960411658654 0.025835477388822116 
0 0.017680695423713096 0.6519120656527005 0.03536139084742619 0.045938858619103067 
0 0.6422094198373648 0.6102417065547063 0.02579498291015625 0.02498472653902494 
0 0.2626357903847328 0.6401849526625413 0.01948846303499662 0.025922408470740683 
0 0.13774210214614868 0.6555690765380859 0.02760187479165884 0.03330656198354868 
0 0.5809503151820257 0.6364625417269193 0.021166544694166917 0.012371283311110277 
0 0.6466148449824407 0.6388903030982385 0.040966107295109674 0.023283078120304987 
0 0.5588096838731033 0.6517527653620794 0.03995110438420223 0.027313672579251803 
0 0.29552929217998797 0.6724105614882249 0.025971045860877402 0.02772969465989333 
0 0.1744723503406231 0.6875338554382324 0.02605900397667518 0.029102252079890326 
