0 0.42273613122793346 0.6490022219144381 0.06229943495530348 0.03280991774338942 
0 0.8546650959895208 0.7564800335810735 0.041210174560546875 0.03987671778752254 
0 0.5654032230377197 0.7152309784522424 0.0315551391014686 0.04101848602294922 
0 0.38472148088308483 0.6920875035799466 0.05175484143770658 0.03634342780480018 
0 0.47934587185199445 0.7095140310434195 0.04551087892972506 0.04426780113807091 
0 0.7306785950293908 0.7479763031005859 0.05841277195857121 0.05744097783015324 
0 0.513863911995521 0.7183692271892841 0.019542730771578275 0.025453494145320013 
0 0.9378211314861591 0.7827589695270245 0.054457664489746094 0.04680288754976713 
0 0.3177929107959454 0.6956532184894269 0.026874725635235127 0.025239871098445013 
0 0.6891570091247559 0.7525430826040415 0.020795015188363884 0.025632124680739183 
0 0.8109675554128793 0.7764683136573205 0.029214932368351862 0.033129105201134317 
0 0.3762501936692458 0.7249649854806753 0.02148606226994441 0.013138037461500902 
0 0.31148054049565244 0.7222836567805364 0.04153864200298603 0.02481240492600661 
0 0.39697678272540754 0.741030399615948 0.04083042878371019 0.028489186213566706 
0 0.6545705795288086 0.7803855309119592 0.027237378633939303 0.027810170100285456 
0 0.7726244559654822 0.8037750170781062 0.02741872347318209 0.029095209561861478 
