0 0.4032461643218994 0.5890593528747559 0.06158531629122221 0.027009083674504206 
0 0.8550634750953088 0.6111819744110107 0.03897439516507662 0.03598965131319486 
0 0.5583383670220008 0.625801893380972 0.02882586992703951 0.038013311532827526 
0 0.3734945517319899 0.6374455598684458 0.05027983738825871 0.031499349153958835 
0 0.47130982692425066 0.6364304469181941 0.04301947813767653 0.039974359365609974 
0 0.7296268756573017 0.6262391347151536 0.05515450697678786 0.05192870360154372 
0 0.5074679851531982 0.6384532268230731 0.017847611353947565 0.023592215317946214 
0 0.943113216987023 0.620792920772846 0.05207494588998648 0.04168242674607497 
0 0.3073375133367685 0.653386299426739 0.025490962542020358 0.022707058833195612 
0 0.689032664665809 0.6383842321542593 0.019132100618802585 0.023655524620643027 
0 0.8152351746192346 0.6385066692645733 0.027158370384803183 0.03036014850323017 
0 0.3713003672086276 0.6705246705275315 0.02106299767127404 0.011132460374098558 
0 0.3061087498298058 0.6800772593571589 0.04077760989849384 0.02093652578500601 
0 0.39506000738877517 0.6820351527287409 0.03968455241276668 0.024668180025540866 
0 0.6597996491652268 0.6715274223914514 0.025618626521183893 0.025237010075495794 
0 0.7821485812847431 0.6718397507300744 0.025682449340820312 0.026501949016864482 
