0 0.05523217641390287 0.605389246573815 0.0283505733196552 0.019306072821983926 
0 0.15194587065623358 0.6111870912405161 0.02832954663496751 0.016754517188439004 
0 0.09020068095280574 0.6128340501051682 0.025718138768122747 0.025668804462139424 
0 0.3388184400705191 0.6419597772451547 0.02293843489426833 0.01417072002704327 
0 0.22207218867081863 0.6490406256455642 0.05940721585200383 0.041179730341984674 
0 0.16979821828695443 0.6595615240243765 0.02159593655512883 0.014162650475135216 
0 0.5848668905404898 0.6851350344144381 0.05809629880464994 0.04499904926006611 
0 0.49101699315584624 0.70100920016949 0.055284976959228516 0.02967357635498047 
0 0.9535694854477277 0.736417660346398 0.09286102853142299 0.09130617288442758 
0 0.5745999813079834 0.7426093908456656 0.05272612204918495 0.04496677105243389 
