0 0.07776266794938308 0.5441832725818341 0.03098438336299016 0.02052479523878831 
0 0.1778945280955388 0.5412278175354004 0.030721609409038838 0.018135437598595254 
0 0.11447251301545364 0.5481271193577693 0.028878166125370905 0.026250362396240234 
0 0.37322112230154186 0.553857473226694 0.024932457850529596 0.015249912555401143 
0 0.25367926634274995 0.5706201700063852 0.06499475699204665 0.043687086838942304 
0 0.20084818509908822 0.5850143432617188 0.02355082218463604 0.01512600825383113 
0 0.6306518591367282 0.5729775978968694 0.06400735561664288 0.047147127298208386 
0 0.5355168856107272 0.5959950043604925 0.05966751392071064 0.0325627326965332 
0 0.9815444578058444 0.5878112316131592 0.03691108381518951 0.09598515583918645 
0 0.6255117563100961 0.6277313232421875 0.05848092299241286 0.04665110661433293 
