0 0.8246562847724328 0.4659430247086745 0.030498284559983473 0.026600727668175332 
0 0.7326980645839984 0.4903093117934007 0.030051433123075046 0.023721694946289062 
0 0.7923862842413095 0.48078008798452526 0.029029974570641152 0.03332160069392277 
0 0.5585965193234957 0.5594429052793063 0.02443375954261193 0.019888694469745342 
0 0.6721796622643104 0.5458953747382531 0.06402881328876202 0.05655747193556566 
0 0.7243828039902908 0.5481121173271766 0.02314105400672326 0.01965027589064378 
0 0.32984986672034633 0.6534638404846191 0.06340635739839993 0.0606377674983098 
0 0.42302078467149 0.6540468289301946 0.058139911064734824 0.04288607377272386 
0 0.01845697256234976 0.7818836799034705 0.03691394512469952 0.12366867065429688 
0 0.35024551244882435 0.716335993546706 0.058235535254845254 0.05968394646277794 
