0 0.03848567375769982 0.5536447488344632 0.03177494269150954 0.025035307957575872 
0 0.13103175163269043 0.5792238895709698 0.03119378823500413 0.02243966322678786 
0 0.07068630135976352 0.5683253361628606 0.030616728159097526 0.030994195204514723 
0 0.3052376141914955 0.6485238808851975 0.025390496620765098 0.0187833492572491 
0 0.19020269467280462 0.631945903484638 0.0667420900785006 0.05319654024564303 
0 0.13696203323510978 0.6319881219130296 0.024084943991440993 0.018518374516413763 
0 0.5339815433208759 0.7424683204064002 0.06630831498366135 0.056824904221754804 
0 0.43910683118380034 0.7394825128408579 0.06021030132587139 0.04072071955754207 
0 0.8938566354604868 0.8725416110112116 0.13812916095440203 0.11600824502798227 
0 0.510461477132944 0.7987493735093337 0.061086141146146335 0.055764345022348255 
