0 0.16054910879868728 0.7514448532691369 0.029028929196871243 0.02328777313232422 
0 0.25323813695173997 0.7476516503554124 0.028734335532555215 0.020592396075908955 
0 0.19463795882004958 0.7557280613825872 0.02721115259023813 0.029733951275165264 
0 0.43444004425635707 0.7610127742473896 0.023331238673283503 0.017311756427471455 
0 0.32406717997330886 0.7804773770845853 0.06090664863586426 0.04956362797663762 
0 0.27543787772838885 0.7969639484698956 0.022054177064162035 0.017165477459247295 
0 0.6733081157390888 0.781415059016301 0.060071431673490085 0.05346048795259916 
0 0.585677330310528 0.807827142568735 0.055749673109788164 0.03699508080115685 
0 0.9903870361069074 0.7963314056396484 0.019225927213063605 0.10885385366586539 
0 0.6697194026066706 0.8432332552396334 0.05496303851787861 0.052875518798828125 
