0 0.7717897433501023 0.5623697500962478 0.08146467575660118 0.06330013275146484 
0 0.9787851364280169 0.6043305397033691 0.04242972657084465 0.047333864065317005 
0 0.9208588944031642 0.6100490276630108 0.07804833467190082 0.043576607337364785 
0 0.8343341579804053 0.6092471893017108 0.06629643990443303 0.055679651407095104 
0 0.342652834378756 0.5305333137512207 0.07293437077448918 0.05039288447453426 
0 0.7279826952860906 0.5997517659113958 0.07605250065143292 0.061126708984375 
0 0.5458604555863601 0.5966458504016583 0.09869916622455303 0.061045316549447864 
0 0.20689241702740008 0.5445728302001953 0.09661652491642879 0.09262994619516227 
0 0.31317344078650844 0.5621722294734075 0.06218029902531551 0.053720841040978067 
0 0.4373722259814923 0.5840913149026724 0.14700746536254883 0.107360289647029 
