0 0.240799041894766 0.40862791354839617 0.08098000746506911 0.06959981184739333 
0 0.030423959860434897 0.4641889425424429 0.060847919720869795 0.052546134361853965 
0 0.096520334482193 0.46638949100787824 0.0769936075577369 0.04914170045119066 
0 0.18114218345055214 0.4609822309934176 0.06604609122643104 0.060921118809626654 
0 0.6595883369445801 0.352657281435453 0.07228315793550931 0.055859859173114486 
0 0.28487682342529297 0.4454312507922833 0.07567031566913311 0.06706380844116211 
0 0.46294747866117036 0.4325655973874606 0.09757078610933743 0.06824651131263146 
0 0.7928627454317533 0.360180322940533 0.0966490232027494 0.1005851672245906 
0 0.6894616713890662 0.3842075237861046 0.061997413635253906 0.05867822353656475 
0 0.5686725469735953 0.41370083735539365 0.14589529771071214 0.11853914994459885 
