0 0.25768176408914417 0.48116007217994106 0.07332110404968262 0.05721851495596079 
0 0.04156332520338205 0.4742397345029391 0.06374229376132672 0.04171631886408879 
0 0.10758569148870614 0.4957968821892372 0.07230805433713473 0.036769830263577975 
0 0.18895791127131537 0.5141326097341684 0.05916595458984375 0.050969637357271634 
0 0.6672234168419471 0.5442828765282264 0.06640184842623197 0.04458757547231821 
0 0.2907966191952045 0.5281730798574594 0.06820449462303749 0.055565834045410156 
0 0.4623769430013803 0.565350972689115 0.09072270760169396 0.05277853745680589 
0 0.7916269669165978 0.5883262340839093 0.0848374733558068 0.0864254878117488 
0 0.6881207686204177 0.5823928392850436 0.05531164316030649 0.04938932565542368 
0 0.5668752743647649 0.5768097363985502 0.13314151763916016 0.09599128136268029 
