0 0.22804613296802229 0.6086664016430194 0.07846441635718712 0.059850289271428034 
0 0.019222378730773926 0.6369732710031363 0.03844475746154785 0.04414932544414814 
0 0.07565621917064373 0.647309633401724 0.07650645421101497 0.039720315199631914 
0 0.16212744896228498 0.6520102574275091 0.06352958312401405 0.053006685697115384 
0 0.6589714197012094 0.6038530789888822 0.0707384256216196 0.047101534329927884 
0 0.26904048369481015 0.6491964780367337 0.07309288244981033 0.057971807626577526 
0 0.4511546538426326 0.6576586503248948 0.09628570996798001 0.05636039147010216 
0 0.7935201938335712 0.6266726530515231 0.09168756925142728 0.08910564275888297 
0 0.686080162341778 0.6376726077153132 0.05946826934814453 0.051262268653282754 
0 0.5604270971738375 0.6518925520089957 0.14212942123413086 0.10091319450965294 
