0 0.3720908531775841 0.5042148186610296 0.03505692115196815 0.03152623543372521 
0 0.34721941214341384 0.5551922871516302 0.5369291672339807 0.2138842069185697 
0 0.9457475587439078 0.47704274837787336 0.1085048819390627 0.15079241532545823 
0 0.22294195798727182 0.7080896817720853 0.10086629940913273 0.07486123305100661 
0 0.8057345610398513 0.6425218765552227 0.19893206082857573 0.16786791728093073 
0 0.9474730123407565 0.6631522178649902 0.10505397474536529 0.21941749866192156 
0 0.3389772635239821 0.41508177610544056 0.02353836939885066 0.02522450227003831 
0 0.3963919969705435 0.40513346745417667 0.08726637180034931 0.0693499491764949 
0 0.31346285343170166 0.42899542588454026 0.03857317337623009 0.0373083261343149 
0 0.1940383269236638 0.47333480761601376 0.20535778999328613 0.14051653788639948 
0 0.48613568452688366 0.4238597613114577 0.040905182178203874 0.04282837647658128 
0 0.6360583672156701 0.4168680447798509 0.03957572350135216 0.06255028798029973 
