0 0.21400148134965163 0.4005419107583853 0.03566586054288424 0.029169045961820163 
0 0.23335992372952974 0.44791285808269793 0.4667198474590595 0.1931284757760855 
0 0.8533226526700534 0.38389976208026594 0.18200896336482122 0.13934854360727164 
0 0.04882553907541128 0.589274864930373 0.09765107815082257 0.0689831880422739 
0 0.6603927795703595 0.5363099575042725 0.2030945924612192 0.1551211063678448 
0 0.8486426793611966 0.5582402852865366 0.18281093010535607 0.2039808493394118 
0 0.1844873703443087 0.3166071910124559 0.023687197611882135 0.02341033862187312 
0 0.24523464532998893 0.30812269907731277 0.08936737133906437 0.06400300906254695 
0 0.1569395248706524 0.3292657412015475 0.039075227884145886 0.03456519200251652 
0 0.06754245666357186 0.36905423494485706 0.13508491332714373 0.12922809674189642 
0 0.3381924812610333 0.3269538879394531 0.04122833105233999 0.03973315312312199 
0 0.4957122435936561 0.3225752573746901 0.03853482466477614 0.05835096652691181 
