0 0.7880975649907038 0.3985617160797119 0.03421761439396785 0.028370380401611328 
0 0.7717769511330587 0.441778879899245 0.4564460971607612 0.14150282052847055 
0 0.15479692816734314 0.5478494717524602 0.17568287941125724 0.13388780447152945 
0 0.9757741779948657 0.5570196555210993 0.04845164343714714 0.06436432324923001 
0 0.38385576468247634 0.66087662256681 0.1960771634028508 0.14897364836472732 
0 0.20428635982366708 0.7336114736703726 0.1692861685386071 0.20782338655911958 
0 0.7955264311570388 0.3008233125393207 0.02227299030010517 0.0234682559967041 
0 0.7335739502540002 0.30760451463552624 0.08675611936129056 0.06067807857806866 
0 0.8258892939640925 0.307198166847229 0.03719637944148137 0.034070143332848184 
0 0.9288832222899566 0.3164795728830191 0.14223355484696534 0.11808204650878906 
0 0.6469627160292405 0.35210336171663725 0.038880348205566406 0.03968631304227389 
0 0.49085466678325945 0.38858738312354457 0.03396408374492939 0.06139795596782978 
