0 0.29151325959425706 0.5088876760922946 0.03345533517690805 0.027124808384821966 
0 0.26656139813936675 0.5511583181527945 0.5331227962787335 0.13089150648850661 
0 0.9164981473810397 0.6464690795311561 0.16700370466479889 0.1278533201951247 
0 0.08233309823733109 0.6645792080805852 0.09921128703997685 0.0612793702345628 
0 0.6943305822519156 0.758355397444505 0.19189907954289362 0.14225262861985427 
0 0.8726615905761719 0.8267925335810735 0.16457337599534255 0.19959383744459885 
0 0.28282530491168684 0.41437554359436035 0.02170702127309946 0.022504182962270882 
0 0.34409724749051607 0.42026336376483625 0.08498052450326773 0.05786470266488882 
0 0.25293015516721284 0.42087619121258074 0.036322685388418346 0.03261716549213116 
0 0.11883993332202618 0.43134021759033203 0.20420523790212777 0.11217550130990836 
0 0.4302414563985971 0.4623862413259653 0.03791035138643705 0.038042655357947715 
0 0.5849029467656062 0.49599478794978213 0.03274352733905499 0.0591431397658128 
