0 0.3397931685814491 0.5436953948094294 0.033448219299316406 0.028127266810490534 
0 0.30073469017560667 0.5913123534275935 0.5759935642664249 0.1182243273808406 
0 0.9525821757717774 0.6658591857323279 0.09483564788332352 0.1319567606999324 
0 0.13094787414257342 0.7218175301185021 0.0999908630664532 0.06251276456392728 
0 0.7647836391742413 0.797088623046875 0.192415530865009 0.1467920450063852 
0 0.9351496695039364 0.8636602621812087 0.1297006604190056 0.21053160153902495 
0 0.3269243607154259 0.4414524298447829 0.021497433002178486 0.023599918072040264 
0 0.39023725803081805 0.4451872202066275 0.08542368962214543 0.05940917822030874 
0 0.2964227841450618 0.4498076622302716 0.03618260530325083 0.03399309745201698 
0 0.15883593834363496 0.46698643611027646 0.20639303097358117 0.11344726269061749 
0 0.4806568989386925 0.4871865419241098 0.03759688597459059 0.039841871995192304 
0 0.6412489597613995 0.516968690432035 0.031374344458946817 0.06308350196251503 
