0 0.5122689467210036 0.3714895248413086 0.11923151749830979 0.08821949592003456 
0 0.3067316642174354 0.4328750463632437 0.09791836371788612 0.05988238408015324 
0 0.4004641863015982 0.43057900208693284 0.049897964184100814 0.04796519646277794 
0 0.518846713579618 0.4451465423290546 0.10571630184467022 0.08711040936983548 
0 0.3250665297875038 0.4704923446361835 0.05419173607459435 0.05097634975726788 
0 0.5772844644693228 0.45923722707308257 0.06294642961942233 0.08891806235680214 
0 0.1643205606020414 0.49987237270061785 0.10214016987727238 0.09213451238778922 
0 0.041154407537900485 0.5162012577056885 0.08230881507580097 0.10283173047579251 
0 0.36025342574486363 0.49863244937016415 0.05995651391836313 0.055437638209416315 
0 0.267358110501216 0.5103030204772949 0.10007111842815693 0.08398833641639122 
0 0.5334498882293701 0.5019564628601074 0.06604418387779823 0.0785371340238131 
0 0.6127582880166861 0.521079631952139 0.12778293169461763 0.10886232669536884 
0 0.04564530115861159 0.5986781670497014 0.09129060231722318 0.0767211547264686 
0 0.926397506864025 0.5334089719332181 0.14720498569882834 0.2082805633544922 
0 0.48191277797405535 0.5803826405451848 0.060674117161677435 0.06347296788142277 
0 0.34438162583571214 0.6105555937840388 0.10725938356839694 0.059319532834566556 
0 0.21412239624903753 0.6306885572580191 0.10852720187260555 0.04347074948824369 
0 0.10247318332011883 0.6762749965374286 0.11796353872005756 0.10406838930570163 
