0 0.5050500356234037 0.5829106110792893 0.12486347785362831 0.08845153221717247 
0 0.2861367188967191 0.597223740357619 0.1019448867210975 0.06093535056480995 
0 0.3801339039435753 0.6142825713524451 0.052781141721285306 0.04730422680194561 
0 0.49488436258756197 0.6518594668461726 0.11113346540010892 0.08670594142033504 
0 0.2958795657524696 0.6354987254509559 0.05726979329035832 0.05033518717839168 
0 0.5499623922201303 0.6767414533174955 0.06793700731717624 0.0861345437856821 
0 0.12890243988770705 0.6295953897329477 0.10775381785172683 0.09119679377629207 
0 0.023426525867902316 0.6139805500323956 0.04685305173580463 0.10290784102219802 
0 0.32458030260526216 0.6685212942270132 0.06331627185528095 0.0547941648043119 
0 0.22928929328918457 0.6602377524742713 0.10527188961322491 0.08350049532376803 
0 0.4965476072751559 0.7069867941049429 0.07057736470149113 0.0766293452336238 
0 0.5712964167961707 0.7407552645756648 0.13450076029850885 0.10812854766845703 
0 0.01819183276249812 0.6925775087796725 0.03638366552499624 0.07804166353665866 
0 0.8940816659193772 0.8188289495614859 0.18487937633807844 0.20310181837815505 
0 0.4273432218111478 0.7684297928443322 0.06442524836613582 0.062315794137807995 
0 0.2833373454900888 0.7680011895986704 0.11137102200434758 0.060903695913461536 
0 0.14886321012790388 0.7598445598895733 0.1118990366275494 0.046209482046274036 
0 0.04466804174276499 0.7788549203139085 0.08933608348552997 0.10314581944392277 
