0 0.4897634249467116 0.4799170677478497 0.11345492876493014 0.08944067588219276 
0 0.28753122916588414 0.5050664131457989 0.09306269425612229 0.060867639688345104 
0 0.37522238951462966 0.51895704636207 0.04757873828594501 0.0484918080843412 
0 0.48289284339317906 0.5537380255185641 0.10067360217754658 0.08820566764244667 
0 0.2979679566163283 0.545348754295936 0.05166294024540828 0.051546683678260215 
0 0.5348253616919885 0.5777160571171687 0.060273243830754206 0.08962227747990535 
0 0.14309353094834548 0.5466345823728122 0.09733893321110652 0.09320394809429462 
0 0.03261416692000169 0.5369521471170279 0.06522833384000339 0.10422123395479642 
0 0.32576985542590803 0.579183450111976 0.05715019886310284 0.05606720997737004 
0 0.23720425825852615 0.5746882328620324 0.09531127489530124 0.08502729122455303 
0 0.4864681684053861 0.6123171769655668 0.06310829749474159 0.07925514074472281 
0 0.5569479832282433 0.6448587454282321 0.1217193970313439 0.11019116181593674 
0 0.029426395893096924 0.6207860249739426 0.05885279178619385 0.07797839091374324 
0 0.8587978803194486 0.7133002097790058 0.1652230482835036 0.21016425352830154 
0 0.4246380695929894 0.6808274342463567 0.057899731856126055 0.06412051274226262 
0 0.2912419575911302 0.6868972411522498 0.1018847318796011 0.06038995889516977 
0 0.16638911228913528 0.6843127470750076 0.10294192570906419 0.04453057509202223 
0 0.055287108971522406 0.7100541041447566 0.11057421794304481 0.1053000230055589 
