0 0.4861138967367319 0.5360865409557636 0.10831345044649564 0.07997340422410232 
0 0.2841755977043739 0.5801083491398737 0.09000026262723483 0.052913519052358776 
0 0.37398985716012806 0.5857534041771522 0.044407587784987226 0.04468719775860126 
0 0.48587597333467925 0.6103657025557297 0.09529443887563852 0.07993833835308368 
0 0.2983711316035344 0.6193124881157508 0.04832194401667668 0.047398823958176836 
0 0.5404954873598539 0.6294209223527175 0.05365067261915941 0.08522770955012395 
0 0.14209041687158439 0.6350963482489953 0.09140600607945369 0.08532975270197941 
0 0.029452328498546895 0.6387571921715369 0.05890465699709379 0.09351745018592247 
0 0.3295174011817345 0.6504591795114371 0.0535425773033729 0.05146444760836088 
0 0.2396728625664344 0.6542677512535682 0.09007813380314754 0.07722311753493089 
0 0.49480331861055815 0.668463083413931 0.057521820068359375 0.07443406031681941 
0 0.5689298006204458 0.6943237964923565 0.11488786110511193 0.1002489970280574 
0 0.030599584946265586 0.7225076602055476 0.06119916989253117 0.06783624795766977 
0 0.8799600601196289 0.7343305807847244 0.15035086411696214 0.19758217151348406 
0 0.4385833923633282 0.7425908675560584 0.053568509908822864 0.05956759819617638 
0 0.3044264499957745 0.7611356881948618 0.09910928286038913 0.051587618314302884 
0 0.1781112139041607 0.7702479362487793 0.10166118695185734 0.03538828629713792 
0 0.06733234513264436 0.8064130269564115 0.10576157501110664 0.09617269956148587 
