0 0.5801212604229267 0.3258887345974262 0.1252770057091346 0.0981292908008282 
0 0.37608007284311146 0.4031351713033823 0.10204689319317158 0.06777627651508038 
0 0.47081560354966384 0.39441904654869664 0.05316312496478741 0.05232730278602013 
0 0.5916104500110333 0.4014308269207294 0.11166825661292443 0.09606992281400241 
0 0.3971076195056622 0.4407010812025804 0.0576635140639085 0.055692159212552585 
0 0.6516915101271409 0.4120101011716403 0.06895608168381911 0.09497374754685622 
0 0.2363100785475511 0.48189618037297177 0.10842125232403095 0.10094605959378757 
0 0.08588030189275742 0.5088763787196233 0.14233548022233522 0.11412969002356896 
0 0.434573063483605 0.4673487956707294 0.06373368776761569 0.06063637366661659 
0 0.3412997997724093 0.48567935136648327 0.10580699260418232 0.0924991094149076 
0 0.6101190493657038 0.45904942659231335 0.07136748387263371 0.08460363974938026 
0 0.6916576532217172 0.47340699342580944 0.13521473224346453 0.11976143030019906 
0 0.10563619090960576 0.5930031629709097 0.13020127094708955 0.08679764087383564 
0 0.9647319498830117 0.4640178680419922 0.07053609966085507 0.224213380080003 
0 0.5630909846379206 0.5434470176696777 0.0649870358980619 0.06887736687293419 
0 0.42584600815406215 0.5838880905738244 0.11136403450599083 0.06784431750957783 
0 0.29530397745279163 0.6134790640610915 0.11157906972444974 0.05177446512075571 
0 0.1852702911083515 0.6680685190054086 0.1250619888305664 0.11419941828801082 
