0 0.39784101339486927 0.5876575616689829 0.024515225337101862 0.019774657029371995 
0 0.42880962445185733 0.5937502200786884 0.018676207615778997 0.014206959651066707 
0 0.5201554298400879 0.6145244745107797 0.010318536024827223 0.01103973388671875 
0 0.45591304852412295 0.6321495129511907 0.01615762710571289 0.01660750462458684 
0 0.3493682604569655 0.631154463841365 0.01993549787081205 0.01300672384408804 
0 0.4047082754281851 0.6402683258056641 0.01177824460543119 0.012431658231295072 
0 0.13365987630990836 0.6276765603285569 0.042890732104961686 0.03009333977332482 
0 0.4624666434067946 0.6534621532146747 0.029853160564716045 0.018861990708571214 
0 0.20551474277789777 0.6353483200073242 0.013037608220027043 0.011231495783879207 
0 0.2870867527448214 0.6410987193767841 0.02491611700791579 0.024959050692044772 
0 0.10576762602879451 0.6348324922414926 0.02733452503497784 0.021262462322528545 
0 0.8245602020850549 0.6907165600703313 0.02421459784874549 0.015886380122258112 
0 0.14051415370060846 0.6451009603647085 0.03327377025897686 0.028126349815955527 
0 0.42601629403921276 0.6652274498572717 0.04279048626239483 0.028797149658203125 
0 0.0590989520916572 0.6549995495722845 0.02285501131644616 0.015790572533240683 
