0 0.434537227337177 0.4876245902134822 0.022762298583984375 0.020391427553617038 
0 0.40445756912231445 0.4907727058117206 0.017374772291917067 0.014604605161226712 
0 0.3154306778540978 0.5030646690955529 0.009473140423114482 0.011527795058030348 
0 0.37455639472374547 0.528988214639517 0.014860740074744591 0.017314617450420674 
0 0.47588377732496995 0.539568515924307 0.018631715040940505 0.013249580676739033 
0 0.42232412558335525 0.5432922840118408 0.01082005867591271 0.01297448231623723 
0 0.6811874279609094 0.5594198887164776 0.04000219931969276 0.030793483440692607 
0 0.366025631244366 0.5511269202599158 0.02792519789475661 0.019173915569598857 
0 0.6120942189143255 0.5597917666802039 0.012077038104717549 0.01161953119131235 
0 0.5339772151066706 0.5570410581735464 0.022942029512845553 0.02599488771878756 
0 0.7069118756514329 0.5701428560110239 0.025411092318021335 0.02188396453857422 
0 0.018000676081730768 0.5514938831329346 0.02262746370755709 0.016188878279465895 
0 0.6727915176978478 0.5773559900430533 0.030843588022085335 0.029071697821983926 
0 0.3993820593907283 0.5677284277402438 0.03995730326725887 0.02939264590923603 
0 0.7490673156885 0.5968712843381442 0.02132549652686486 0.016143028552715596 
