0 0.49259684636042667 0.5319249263176551 0.023075323838454027 0.017997338221623346 
0 0.46238646140465367 0.5364207304441012 0.017613337590144232 0.012883589817927433 
0 0.373166927924523 0.5523659082559439 0.009604454040527344 0.010194521683913011 
0 0.4346454693720891 0.5720191368689904 0.01506636692927434 0.015308306767390324 
0 0.537795928808359 0.575670627447275 0.018886822920579176 0.011671102963961087 
0 0.483880666586069 0.5820061977093036 0.010969968942495493 0.011472995464618389 
0 0.7466897689379178 0.5816620863400973 0.040550727110642656 0.027144615466778096 
0 0.42746444848867565 0.5921441408304068 0.028307254497821514 0.01688396013700045 
0 0.676848631638747 0.5859030576852652 0.012243417593149038 0.010260581970214844 
0 0.5976790464841403 0.5878843710972712 0.02325927294217623 0.022979039412278395 
0 0.7734016180038452 0.5897196439596323 0.025760302176842324 0.019308787125807542 
0 0.07557377448448768 0.6121696142049936 0.02293733450082632 0.014260988969069261 
0 0.739370767886822 0.5980507593888503 0.03126822985135592 0.02566803418673002 
0 0.4622772290156438 0.6049852738013635 0.04050467564509465 0.025899226848895732 
0 0.8177727919358474 0.6110475980318509 0.021617816044734076 0.014228087205153245 
