0 0.4651011320260855 0.5814398252047025 0.02727853334867037 0.0214840815617488 
0 0.4977867236504188 0.5795287352341872 0.020673128274770882 0.015555381774902344 
0 0.5949863837315486 0.5765153811528132 0.01182413101196289 0.011612892150878906 
0 0.5357047961308405 0.608803602365347 0.01842953608586238 0.01754159193772536 
0 0.428875574698815 0.6340647110572228 0.021794942709115837 0.014562240013709435 
0 0.48678431144127476 0.6289898799015925 0.013475564809945913 0.01309512211726262 
0 0.21217921146979699 0.6838383307823768 0.04715737929710975 0.03332651578463041 
0 0.5482604687030499 0.627138981452355 0.03256005507249098 0.021224462068997897 
0 0.2861973505753737 0.6733538921062763 0.014597342564509464 0.01210190699650691 
0 0.36939197320204514 0.6586824563833383 0.028337515317476712 0.026434678297776442 
0 0.18630101130558893 0.6973923903245193 0.03031642620380108 0.023210672231820915 
0 0.9208595202519343 0.5729901240422175 0.026484196002666768 0.017771134009728067 
0 0.22394061088562012 0.6984607256375827 0.03718654926006611 0.03037716792179988 
0 0.515121863438533 0.647110755626972 0.046892532935509317 0.0320887198814979 
0 0.14530970041568464 0.7277394441457895 0.02509763607612023 0.017526553227351263 
