0 0.3809677820939284 0.651147879087008 0.02308511734008789 0.020771246690016527 
0 0.4118775954613319 0.6549240259023813 0.0176390867966872 0.014858245849609375 
0 0.5033063154954177 0.6691835476801946 0.009550974919245793 0.011800545912522536 
0 0.44195279708275426 0.6950479654165415 0.014997078822209286 0.017713400033804085 
0 0.3374357223510742 0.704288152547983 0.018960072444035456 0.01343074211707482 
0 0.39250852511479306 0.7090612558218149 0.010912491725041317 0.013278667743389424 
0 0.12569882778021005 0.7213662220881536 0.04066343490894024 0.03127068739670973 
0 0.45032460872943586 0.718142399421105 0.02842998504638672 0.01941967010498047 
0 0.19682621955871582 0.7229295877309946 0.012233477372389574 0.011851237370417668 
0 0.2773019075393677 0.7214098343482385 0.02316623467665452 0.026582791255070612 
0 0.09901545139459464 0.7320430828974798 0.025787949562072754 0.02227467757004958 
0 0.8086238274207482 0.724455686715933 0.023024338942307692 0.01641244154710036 
0 0.1340098472741934 0.7401018876295823 0.03125432821420523 0.029640637911283053 
0 0.41567474145155686 0.7347828424893893 0.04064314181988056 0.029817947974571817 
0 0.05511862268814674 0.7590311490572416 0.021683119810544528 0.016387205857496995 
