0 0.9276866397032371 0.9815023127370156 0.07857625988813546 0.03699537395284726 
0 0.5851376056671143 0.23952950881077692 0.09267157774705154 0.07562437424292931 
0 0.37768998512854945 0.2361972056902372 0.06586478306696965 0.12379270333510178 
0 0.4848390542543851 0.2969087820786696 0.07083669075599083 0.051278334397536054 
0 0.5888607501983643 0.3623737922081581 0.09102920385507438 0.08412757286658654 
0 0.4707322670863225 0.35491660925058216 0.06938563860379733 0.07340761331411508 
0 0.9966806865368898 0.4383819836836595 0.006638626353098796 0.061191448798546426 
0 0.4450388504908635 0.39919359867389387 0.06205107615544246 0.05291612331683819 
0 0.6864590186339158 0.47521297748272234 0.2546724722935603 0.2122802734375 
0 0.48955202102661133 0.45899352660545933 0.08000491215632512 0.07689266938429612 
0 0.9774779973981472 0.5708929758805495 0.045044004630583986 0.07566118240356445 
0 0.5917849357311542 0.5773250689873328 0.11703751637385441 0.08784063045795147 
0 0.3863842854133019 0.7244586577782264 0.125609434567965 0.09607909275935246 
0 0.18505584276639497 0.8580893369821402 0.1089491477379432 0.07222564403827374 
0 0.5995909434098464 0.9164936725909894 0.10960179108839768 0.10197778848501352 
0 0.43448554552518404 0.9083527418283316 0.05598772489107572 0.05605015387901893 
