0 0.052280617447999805 0.9357525385343112 0.07616131351544307 0.08139368203970102 
0 0.5289527636307937 0.192378805233882 0.09012556076049805 0.08138416363642766 
0 0.7309535099909856 0.22950639174534723 0.062480779794546276 0.1339725897862361 
0 0.6154464941758376 0.27314076056847203 0.06903729071983924 0.055113792419433594 
0 0.5020749935737023 0.322449647463285 0.08830705055823693 0.09064065493070163 
0 0.6181547091557429 0.3376717475744394 0.06710206545316257 0.07917868174039401 
0 0.07318121653336745 0.31965381365555984 0.043233211223895736 0.06611426060016339 
0 0.6347103485694299 0.38985443115234375 0.06029503162090595 0.05697074303260216 
0 0.3859672179588905 0.4234605935903696 0.2475756131685697 0.22849596463716948 
0 0.5801767202524039 0.44479956993689906 0.0775460463303786 0.08287356450007512 
0 0.07466571606122531 0.46611639169546276 0.06475522884955773 0.08164831308218148 
0 0.4585299491882324 0.5507498704470121 0.11399445166954628 0.09444849307720478 
0 0.6300492103283222 0.7476876332209661 0.12230297235342172 0.10332782451923077 
0 0.8001725857074444 0.929449411538931 0.10633101830115685 0.07754758688119742 
0 0.38672241797814 0.9103557513310359 0.10630879035362831 0.10987920027512771 
0 0.5485321375039908 0.9340609403756949 0.05421664164616512 0.06043030665471004 
