0 0.10380904491131122 0.9593058364609113 0.0799093613257775 0.0813883265050558 
0 0.4196492892045241 0.1306476593017578 0.0938111451955942 0.08387587620661809 
0 0.6253525660588191 0.12019650294230534 0.06892908536470853 0.13439865295703596 
0 0.520964475778433 0.18900448542374831 0.07149769709660457 0.0571437432215764 
0 0.4198288917541504 0.26281845569610596 0.09246540069580078 0.09289915745074932 
0 0.5367887203509991 0.2508910069098839 0.07077914017897385 0.08072196520291842 
0 0.010884725130521335 0.3586605512178861 0.02176945026104267 0.06685521052433895 
0 0.5636752201960638 0.2976343264946571 0.06288741185114934 0.058595473949725814 
0 0.32655969949869007 0.38734310406904954 0.2579476099747878 0.2352579006781945 
0 0.5213993329268235 0.363388336621798 0.08136224746704102 0.08480193064762996 
0 0.03210771542329054 0.5001923671135535 0.06421543084658109 0.08304973749014047 
0 0.4237052844120906 0.49397024741539586 0.11822993938739483 0.09774259420541617 
0 0.6321219664353591 0.6453253672673152 0.12694725623497596 0.10682854285606971 
0 0.8360728483933669 0.7823007656977727 0.10975206815279447 0.08079726879413311 
0 0.4266549807328444 0.8588071969839243 0.11135310393113357 0.11258521446814904 
0 0.5901989936828613 0.8445891967186561 0.05700969696044922 0.061736693749060996 
