0 0.6115228946392353 0.24536977364466742 0.08798474531907302 0.06871162928067721 
0 0.40039432965792143 0.26076789085681623 0.05509530580960787 0.12039039685175969 
0 0.515581644498385 0.31191457234896147 0.0679474610548753 0.04585350476778471 
0 0.628085888349093 0.3681059800661527 0.08538015072162335 0.07754960426917443 
0 0.5072829723358154 0.3713042736053467 0.06409391990074745 0.06859386884249173 
0 0.48578288004948544 0.4179841188284067 0.05867077754094051 0.04833661592923678 
0 0.7389919620293838 0.4723397401662973 0.24131944546332726 0.19337918208195612 
0 0.5372326924250677 0.4738747339982253 0.07472632481501652 0.07117509841918945 
0 0.6534193387398353 0.5831924218397874 0.11193266281714806 0.07894479311429538 
0 0.4600242101229154 0.7491510831392728 0.11993899712195763 0.08657073974609375 
0 0.2693619361290565 0.9012139760530912 0.1052106710580679 0.06373882293701172 
0 0.696635915682866 0.9222861069899339 0.10272732147803673 0.09407248863807091 
0 0.5280298819908729 0.9290423760047326 0.05205579904409555 0.052097320556640625 
