0 0.04462972684548451 0.8799674327556903 0.07276768523913163 0.08292836409348708 
0 0.4612268117757944 0.02816734634912931 0.0871430543752817 0.05633469269825862 
0 0.6694236168494592 0.0511775933779203 0.05504681513859676 0.1023551867558406 
0 0.5562042089609 0.09266771261508648 0.06725274599515475 0.05460899609785814 
0 0.44566057278559756 0.15990853309631348 0.08463056270892803 0.0920408689058744 
0 0.5647513316227839 0.16237285962471595 0.06359540499173678 0.08128919051243709 
0 0.015205157490877004 0.20880752343397874 0.03041031498175401 0.06900783685537484 
0 0.586231910265409 0.21700011766873872 0.05812509243304913 0.057427406311035156 
0 0.33698939360105074 0.2835910595380343 0.23904120005094087 0.22981920609107384 
0 0.535865490253155 0.28323333996992844 0.07409073756291316 0.08443621488717887 
0 0.02781050021831806 0.36757813967191255 0.05562100043663612 0.08421714489276592 
0 0.42202091217041016 0.4129470128279466 0.1108094728910006 0.09396483347966121 
0 0.6136699823232797 0.6059076052445632 0.11874771118164062 0.1030114614046537 
0 0.8025392752427322 0.7825673176692083 0.10409025045541617 0.07602471571702224 
0 0.3815216284531813 0.8119088686429538 0.10183018904465896 0.11164210392878605 
0 0.5477521052727332 0.8180423149695764 0.05162866298968975 0.06177564767690805 
