0 0.3959022301893968 0.18825277915367714 0.12695195124699518 0.057684788337120645 
0 0.37276981427119327 0.2645570314847506 0.11297713793241061 0.05114907484788161 
0 0.48079100021949184 0.30747565856346715 0.12561699060293344 0.05754276422353891 
0 0.9669940653615273 0.32185357350569505 0.06601186870382382 0.05498693539546086 
0 0.027675406290934637 0.46560392012962926 0.055350812581869274 0.09392243165236253 
0 0.30261826515197754 0.443025699028602 0.0377497673034668 0.039359019352839544 
0 0.5450880160698524 0.4573901616610013 0.11256632438072792 0.08013703272892879 
0 0.1615527318074153 0.5059667183802679 0.16750095440791204 0.14152024342463568 
0 0.40730401185842663 0.547187456717858 0.09072439487163837 0.09548469690176156 
0 0.8805547127356896 0.5577274652627798 0.13860027606670672 0.14223227134117714 
0 0.5110521499927227 0.6436760058769813 0.15962039507352388 0.1848604128910945 
0 0.33872854709625244 0.7164199902461126 0.23897807414715105 0.12261735475980319 
0 0.9616881149032941 0.7363497293912448 0.07662376962029017 0.226776489844689 
0 0.7748141288757324 0.765892322246845 0.24912166595458984 0.2272007281963642 
