0 0.23072481155395508 0.12467112449499276 0.12631819798396185 0.05289610532613901 
0 0.20066397923689622 0.20401907884157622 0.11242952713599572 0.04687270751366249 
0 0.3067878301327045 0.25735893616309535 0.12494899676396297 0.0528413699223445 
0 0.8118449357839731 0.308463454246521 0.0880292012141301 0.05273277942950909 
0 0.11404225459465614 0.38845203473017764 0.03560599913963905 0.039700911595271185 
0 0.3592857580918532 0.42115042759821963 0.10945180746225211 0.07819615877591647 
0 0.022849429112214308 0.4451260016514705 0.045698858224428617 0.14040349080012396 
0 0.21152142378000113 0.5065739521613488 0.08549371132483849 0.09637740942148063 
0 0.6916870337266189 0.5518184441786546 0.13092987353985125 0.14330665881817156 
0 0.3087058159021231 0.6164816893064059 0.14893258534944975 0.18777220065777117 
0 0.12729424524765748 0.6813142483051007 0.23654971099816835 0.11471865727351262 
0 0.8263934208796575 0.7520827146676871 0.19691071143517128 0.22933468451866737 
0 0.5663405748514029 0.7652189914996808 0.2378398088308481 0.2268693630511944 
