0 0.4300954341888428 0.054258560905089744 0.12183603873619667 0.05681152756397541 
0 0.39531476681049055 0.1370264612711393 0.10843893197866586 0.05034145025106577 
0 0.4931192581470196 0.20331978797912598 0.12051850098830003 0.05675488251906175 
0 0.965636143174309 0.3008550497201773 0.06872771307826042 0.0567014400775616 
0 0.02613334243114178 0.30707575724675107 0.05226668486228356 0.10313789661114033 
0 0.29840487700242263 0.3279959513590886 0.03449058532714844 0.04274172049302321 
0 0.5312078732710618 0.38383166606609637 0.10576134461622971 0.08411763264582707 
0 0.15142480226663443 0.3763742997096135 0.15563178062438965 0.15109711426955003 
0 0.3830636464632474 0.4632042921506442 0.08282177264873798 0.10376090269822341 
0 0.8402783687298114 0.5523404158078707 0.1268122012798603 0.15427871850820687 
0 0.46805500984191895 0.5895570608285757 0.14439667188204253 0.20218775822566107 
0 0.28917688589829665 0.6439556341904861 0.22824965990506685 0.1232748031616211 
0 0.9295469062546124 0.7789956973149226 0.14090618691765344 0.24691515702467698 
0 0.7040512378399189 0.7711855815007136 0.23016034639798677 0.2441866948054387 
