0 0.534180421095628 0.23980308496035063 0.11509954012357272 0.0673537804530217 
0 0.4927498927483192 0.3076140513786903 0.10241563503558819 0.0597535280080942 
0 0.5723631198589618 0.38036423463087815 0.11392387977013221 0.06711057516244742 
0 0.975284649632298 0.5368070052220271 0.049430700162282355 0.06183613263643705 
0 0.13317748216482309 0.40207457542419434 0.07337229068462665 0.0997774784381573 
0 0.3822025519150954 0.46162909727830154 0.03588294982910156 0.04225789583646334 
0 0.5842835719768817 0.5449732266939603 0.10422083047720102 0.08874137584979717 
0 0.2443017684496366 0.4826833101419302 0.15674545214726374 0.15434767649723932 
0 0.4415141985966609 0.5931608310112586 0.08630451789269081 0.10245268161480243 
0 0.8409240429217999 0.7387656431931716 0.1315763913668119 0.15287340604341948 
0 0.5022168893080491 0.7169401462261493 0.1531030948345478 0.19713797936072716 
0 0.3349410112087543 0.7386178236741286 0.21771396123445952 0.14083363459660456 
0 0.9077929715411022 0.9168775263600625 0.18441405634467417 0.16624494670675352 
0 0.6916457506326529 0.8942104118088117 0.2343731293311486 0.211579175809255 
