0 0.36638667033268857 0.1272662144440871 0.12087499178372897 0.06483230224022499 
0 0.3269143746449397 0.2046949680034931 0.10756751207204965 0.05748829474815956 
0 0.41654236500079816 0.277065423818735 0.11960774201613206 0.06466880211463341 
0 0.8733241741473858 0.4112877295567439 0.08555353604830228 0.06168149067805363 
0 0.21976546140817496 0.3819727897644043 0.03612973139836238 0.044050363393930286 
0 0.44039220076340896 0.4553208901331975 0.1074220217191256 0.08982434639563927 
0 0.0772567345545842 0.416795382132897 0.1545134691091684 0.15850914441622221 
0 0.2917852676831759 0.5201156139373779 0.08683852049020621 0.10686269173255333 
0 0.7265529999366174 0.6442586458646334 0.1326331358689528 0.15919377253605768 
0 0.36475881246420055 0.6496949562659631 0.1529256563920241 0.20682760385366586 
0 0.18828334258152887 0.6877297254709097 0.22765663953927848 0.13769333179180437 
0 0.820555540231558 0.8733312165221343 0.20061874389648438 0.2533375663826099 
0 0.5794773468604455 0.8453397384056678 0.23815675882192758 0.2544001799363356 
