0 0.2606637661273663 0.37427040246816784 0.0818495383629432 0.07036810654860276 
0 0.39610794874338 0.4067194645221417 0.0749363165635329 0.05071441943828876 
0 0.31668444780203014 0.43864705012394833 0.09440271671001728 0.04112669137807993 
0 0.9113482328561636 0.48105443440950835 0.036200376657339245 0.04146381524892954 
0 0.8985249812786396 0.5259229586674616 0.09244368626521184 0.0552679208608774 
0 0.31522152057060826 0.5124686681307279 0.06276976145230807 0.056706868685208835 
0 0.4944177590883695 0.5712334742912879 0.0558019417982835 0.06936209018413837 
0 0.3501085868248573 0.5773252523862399 0.06663315112774189 0.06073339168842022 
0 0.6859628970806415 0.5980725104992206 0.03748820378230168 0.042806001809927136 
0 0.24659641889425424 0.6225797029641958 0.04979700308579665 0.04069654758159931 
0 0.38051568544827974 0.6627465028029221 0.08562528170072116 0.038202725923978366 
