0 0.21969760381258452 0.24257058363694411 0.09339710382314828 0.0907906752366286 
0 0.3437691376759456 0.30691356842334455 0.0824880049778865 0.06902839587284969 
0 0.2598200302857619 0.3224053474572989 0.09890143687908466 0.06356127445514385 
0 0.8265345279987042 0.5003912815680871 0.04358607072096605 0.05078568825354943 
0 0.8042558890122634 0.5443727053128756 0.10015260256253757 0.07765645247239333 
0 0.24218497826502874 0.3991817511045016 0.07222966047433707 0.07244546596820538 
0 0.402856313265287 0.5008473579700177 0.06838659139779898 0.08388398243830754 
0 0.26173049669999343 0.4747665478633 0.07679343223571777 0.07745566734900841 
0 0.5825034655057467 0.5719434114602896 0.045107327974759616 0.052455792060265176 
0 0.15151974788078895 0.4987623691558838 0.05635652175316444 0.05306232892549955 
0 0.2724185815224281 0.570823596074031 0.08990395986116849 0.05857658386230469 
