0 0.8057351387464083 0.5105273540203388 0.08441875531123234 0.07071656447190505 
0 0.6638339482820951 0.5341430260584905 0.07731268956111027 0.05080732932457557 
0 0.7432818137682401 0.5719443834744967 0.09743655644930325 0.040868318997896634 
0 0.1276560196509728 0.5742061688349798 0.03731852311354417 0.041788467994103067 
0 0.13755119763887846 0.6205639288975642 0.09538819239689754 0.055262235494760364 
0 0.7393384713392991 0.6468715667724609 0.06473526587853065 0.05701916034405048 
0 0.5504305179302509 0.6941651931175818 0.057515731224646933 0.06995237790621243 
0 0.698617045695965 0.7102223909818209 0.06871867179870605 0.06107389009915865 
0 0.3511603061969464 0.7082525766812838 0.03864633120023287 0.04314004457913912 
0 0.80189193212069 0.76318175976093 0.05136387164776142 0.04087360088641827 
0 0.6609916136814997 0.7947246844951923 0.08837542167076698 0.03798338083120493 
