0 0.7943483774478619 0.4048754068521353 0.09342547563406137 0.08686142701369065 
0 0.6670620074638953 0.4660440958463229 0.08282789817223182 0.065978637108436 
0 0.7517328445728009 0.4813109544607309 0.09985076464139499 0.060628450833834134 
0 0.17318817285391 0.6494569778442383 0.04336188389704777 0.04863474919245793 
0 0.19467661930964544 0.6917760555560772 0.1007388188288762 0.07418559147761418 
0 0.7677090993294349 0.5550847053527832 0.0721886157989502 0.06932258605957031 
0 0.6024229343120868 0.6519023271707388 0.06791628324068509 0.08035076581514798 
0 0.7460455344273493 0.6275386260106013 0.07673758726853591 0.07411909103393555 
0 0.41866427201491135 0.7192891927865835 0.04487815270057091 0.050233694223257214 
0 0.8571137419113746 0.651092162499061 0.05642222441159762 0.05075616102952223 
0 0.7328516703385574 0.7196838672344501 0.0907444953918457 0.05588047321026142 
