0 0.7048573860755334 0.312362945996798 0.09088134765625 0.0867166152367225 
0 0.5850274196037879 0.3738561043372521 0.08017697701087365 0.06593689551720253 
0 0.6665181471751287 0.3886098861694336 0.0959770679473877 0.06072653256929838 
0 0.11836950595562275 0.5588144889244666 0.04247922163743239 0.04850226182204027 
0 0.1402736810537485 0.6007991203894982 0.09729737501878005 0.07418236365685096 
0 0.6841493386488694 0.46191028448251575 0.07030186286339393 0.06919339986947867 
0 0.5290986758012038 0.5590568872598501 0.06668358582716721 0.0801104398874136 
0 0.6657282755925105 0.5340898403754601 0.07474730564997746 0.07397846075204703 
0 0.3554391127366286 0.6270234034611628 0.0439610114464393 0.05009724543644832 
0 0.7727370995741624 0.5569515778468206 0.0548247557419997 0.05068217791043795 
0 0.6560366153717041 0.6258129339951736 0.08725206668560322 0.05596358959491436 
