0 0.5982021551865798 0.423704037299523 0.035520773667555586 0.019405585068922777 
0 0.9436992498544546 0.4513755945058969 0.046115728525015026 0.026720633873572715 
0 0.6039615594423734 0.4390119039095365 0.1649946432847243 0.0447240976186899 
0 0.43688289935772234 0.45687471903287447 0.11017689338097206 0.052950528951791614 
0 0.2924631192133977 0.45807414788466233 0.04543994023249699 0.040291235997126654 
0 0.639185355259822 0.48717130147493803 0.030864495497483473 0.03006263879629282 
0 0.3666431170243483 0.528615034543551 0.0695030139042781 0.09042937938983624 
0 0.5718843019925631 0.5508564985715426 0.06326345297006461 0.03707390565138597 
0 0.8024219366220328 0.583887558716994 0.14145631056565505 0.17825680512648362 
0 0.20428598844088042 0.5849616344158466 0.21067472604604867 0.11903535402738132 
0 0.44352171971247745 0.6252454060774583 0.3573533571683444 0.18463732646061823 
0 0.6952489706186148 0.6456406666682317 0.15614979083721453 0.21977879450871393 
