0 0.47849237001859224 0.46727253840519833 0.037367747380183294 0.02146750230055589 
0 0.12956244211930495 0.4253801382504977 0.0486604433793288 0.029264119955209587 
0 0.46992043348459095 0.48006503398601824 0.1692014474135179 0.058269390693077676 
0 0.6328604954939622 0.5287150603074294 0.11520851575411283 0.059978631826547474 
0 0.7763458765470065 0.5578268491304837 0.04929168407733624 0.041577779329740085 
0 0.42593226066002476 0.5169921838320218 0.03374019035926232 0.0307010137117826 
0 0.6894397368797889 0.6075330147376428 0.07816732846773587 0.08988086993877704 
0 0.4810822376838097 0.5879203723027155 0.06679479892437275 0.0405267568734976 
0 0.24555047658773568 0.5732037287492019 0.15853296793424165 0.17764623348529524 
0 0.8405393086946927 0.6902365684509277 0.22200826498178336 0.1309203367966872 
0 0.5950062825129583 0.680422672858605 0.37491460946890026 0.20630623744084284 
0 0.3407345093213595 0.650112665616549 0.1772150809948261 0.21709500826322115 
