0 0.6128263290111835 0.6332102922292856 0.03603146626399113 0.02090769547682542 
0 0.9530934187082144 0.6806478133568397 0.046863629267765924 0.02862248053917518 
0 0.6176744057581975 0.6484568302447979 0.16483449935913086 0.05313851283146785 
0 0.45139057819659895 0.6559386620154748 0.11135691862839919 0.05783888009878305 
0 0.3084483513465294 0.6485397265507624 0.04695540208082933 0.04172332470233624 
0 0.6498483144319974 0.6974380199725811 0.0320441172673152 0.030950106107271634 
0 0.3779195455404428 0.7216241176311786 0.07342672348022461 0.09170833000769982 
0 0.5797316844646747 0.7554547603313739 0.06431293487548828 0.03966969710129958 
0 0.8059709622309759 0.8012915391188401 0.14911923041710487 0.1810431847205529 
0 0.21417055680201605 0.7668568537785456 0.21392273902893066 0.12781964815579927 
0 0.44861231400416446 0.8202714186448318 0.36189968769366926 0.20008424612192008 
0 0.6965159452878512 0.85506193454449 0.1658912438612718 0.22212666731614333 
