0 0.6848914806659405 0.4701194946582501 0.03884564913236178 0.018625442798321065 
0 0.6926850722386286 0.48416449473454404 0.18033434794499323 0.043051719665527344 
0 0.5127521478212796 0.5169008511763352 0.12047309141892654 0.0508418083190918 
0 0.35579853791456956 0.5316276366894062 0.049728760352501504 0.038628761584942155 
0 0.7358071620647724 0.5267419448265662 0.03378376593956581 0.02881761697622446 
0 0.4435264147244967 0.5918680337759165 0.07612917973445012 0.08664894104003906 
0 0.6689727489764874 0.5937570975377009 0.06919083228478065 0.03557656361506535 
0 0.9227727741862719 0.6035481232863206 0.15445445105433464 0.17081128633939302 
0 0.27257405794583833 0.6608311029580923 0.23040353334867036 0.11423899577214168 
0 0.5367962030264047 0.6767150071951059 0.390778321486253 0.17724381960355318 
0 0.8126170818622296 0.67247251363901 0.17107464716984674 0.2105715825007512 
