0 0.6538702157827524 0.5720281784351056 0.03430850689227764 0.021102501795842096 
0 0.9751457067636343 0.6232048181387094 0.044645456167367786 0.028858038095327523 
0 0.6582212814917932 0.5871836772331824 0.1562769229595478 0.054560257838322565 
0 0.5007416835198035 0.5925344503842868 0.10592434956477238 0.058525488926814154 
0 0.3655828145834116 0.583440688940195 0.04494017821091872 0.04179664758535532 
0 0.6879076957702637 0.6360776241009052 0.03070823962871845 0.03096910623403696 
0 0.4301910400390625 0.6566603917341965 0.07069602379432091 0.09149268957284781 
0 0.6206507682800293 0.6926523722135104 0.06127496866079477 0.039988077603853665 
0 0.8340404950655423 0.7408336125887357 0.1434908646803636 0.18067015134371245 
0 0.27452348745786226 0.6994194984436035 0.2037520592029278 0.12893038529616135 
0 0.4955578950735239 0.7552048976604755 0.3444368655865009 0.2021646499633789 
0 0.7296215570889987 0.7927173467782828 0.1599591328547551 0.2214530064509465 
