0 0.10963828689776935 0.4384315013885498 0.18955084108389342 0.15033322114210862 
0 0.4751345366239548 0.6532646232786087 0.9211748953048999 0.6934707528696611 
0 0.9517020812401404 0.008038271505099077 0.05168511317326473 0.016076543010198154 
0 0.5445434313554031 0.046565291400139146 0.07104070370013897 0.06406747950957371 
0 0.41040636942936826 0.063935514826041 0.06713529733511117 0.0766581824192634 
0 0.21972069831994864 0.10873942191784199 0.14888421388772818 0.1386710130251371 
0 0.5395638942718506 0.17867705455193153 0.23017828281109148 0.07895137713505672 
0 0.0754388295687162 0.24942645659813514 0.1508776591374324 0.17937546509962815 
0 0.24838375586729783 0.30055871376624477 0.2985322383733896 0.12277155656080979 
0 0.7256911351130559 0.2717436643747183 0.3728521787203275 0.13268052614652193 
