0 0.9575415756553411 0.5724094464228704 0.08491684811619613 0.11558363987849309 
0 0.5691819648043468 0.7555706132776462 0.861636069818185 0.48885877287158597 
0 0.03514233088264099 0.29311492809882533 0.0552680016710208 0.03624987602233887 
0 0.4932096921480619 0.29913913286649263 0.07598546835092398 0.049553871154785156 
0 0.6440778695620023 0.3008104379360492 0.07084219272320087 0.059834571985098034 
0 0.8606284948495718 0.3192398731525128 0.1589833773099459 0.10740507566011868 
0 0.5124104389777551 0.4041448739858774 0.25391244888305664 0.05673701946551983 
0 0.9779908105444449 0.4172852956331693 0.04401837833798849 0.1394357681274414 
0 0.8422856696236592 0.4749656640566312 0.31542866017956 0.09003048676710862 
0 0.3151884124829219 0.49535637635451096 0.41101043957930344 0.09577252314640926 
