0 0.9191335896746471 0.5330190291771522 0.16173282007758433 0.14321738023024339 
0 0.5586915794186867 0.7285062348326812 0.882616840589505 0.5429875297615161 
0 0.024880528450012207 0.16515376017643854 0.049761056900024414 0.04504665961632362 
0 0.4492607300098126 0.17961016526589027 0.07000325276301457 0.06157265259669377 
0 0.5892271628746619 0.18397592122738177 0.06511438809908353 0.07465937504401574 
0 0.7899533051710862 0.21051515524203962 0.1464256873497596 0.1335404377717238 
0 0.46591978806715745 0.3126913125698383 0.2351229741023137 0.06800264578599197 
0 0.9390302436569562 0.3373265449817364 0.12193951211296596 0.17365517983069786 
0 0.7770937039301946 0.4072730357830341 0.30362958174485427 0.1090252216045673 
0 0.2819202954952533 0.4250969703380878 0.3805523468897893 0.1150518930875338 
