0 0.9189432949687426 0.5715657197512113 0.16211340948939323 0.13654617162851188 
0 0.5512561934212079 0.7316337363937726 0.8974876125844625 0.5367325266393331 
0 0.057889390450257525 0.17286628026228684 0.05176455699480497 0.04269576072692871 
0 0.4763594957498404 0.2155085985477154 0.07115983963012695 0.058371818982637845 
0 0.6142115959754357 0.22919233945699838 0.0667712871844952 0.07017339192903958 
0 0.8107668069692758 0.26732584146352917 0.14900368910569411 0.12643329913799578 
0 0.4853228238912729 0.3381365262545072 0.23436894783606896 0.06929683685302734 
0 0.9438165516520922 0.39514400408818173 0.11236689612269402 0.16385221481323242 
0 0.7870298899137057 0.4460310752575214 0.3033646070040189 0.1088561644920936 
0 0.2974682954641489 0.4279880156883827 0.3794986284696139 0.11671389066256009 
