0 0.4295824857858511 0.5424558932964618 0.1765739000760592 0.1385180399968074 
0 0.07011243013235238 0.669078698525062 0.14022486026470476 0.6518434011019193 
0 0.6752862196702224 0.09760198684839103 0.09691414466271034 0.06572223626650296 
0 0.5828678974738488 0.10954455228952262 0.04430268361018254 0.06496774233304538 
0 0.8570808997521033 0.15256933065561148 0.04665418771597055 0.05602407455444336 
0 0.8892423923198993 0.19524684319129357 0.06380521334134616 0.08121457466712365 
0 0.3076190765087421 0.19852895003098708 0.10161344821636493 0.08268433350783128 
0 0.42174564875089204 0.21979530041034406 0.0472564330467811 0.03668660383958083 
0 0.6422960208012507 0.25167177273676944 0.1529245376586914 0.08467898002037635 
0 0.4207174594585712 0.4217132788438063 0.18487893618070161 0.10915418771597055 
0 0.6365648049574631 0.43528250547555775 0.1788294131939228 0.09213964755718525 
