0 0.37572272007281965 0.4753416501558744 0.17999931482168344 0.1267389884361854 
0 0.0396423523242657 0.6150635205782377 0.0792847046485314 0.6049970480111929 
0 0.6019163865309495 0.04763760532324131 0.09898699246920072 0.05996371117921976 
0 0.507363539475661 0.06421635930354778 0.04459703885591947 0.05994086540662325 
0 0.792692991403433 0.08788698682418236 0.0471958747276893 0.05158002101458036 
0 0.8284525137681228 0.125609448322883 0.06446024087759164 0.0748217380963839 
0 0.22901411239917463 0.16319731107124916 0.10352910481966458 0.07570212620955247 
0 0.34797215461730957 0.176168836080111 0.04818039674025316 0.03356058780963604 
0 0.5772971740135779 0.19267341723808876 0.15655114100529596 0.07689694257882926 
0 0.35922201780172497 0.363740664262038 0.18913648678706244 0.09928109095646785 
0 0.5825822903559759 0.3635235382960393 0.18319914891169622 0.0835112424997183 
