0 0.6875912868059598 0.47829646330613357 0.17640970303462103 0.13066423856295073 
0 0.9931336616953979 0.6194696334692148 0.013732676036082782 0.6346560441530668 
0 0.4584980927980863 0.031689885358970896 0.0971381480877216 0.06160485128370615 
0 0.5521794832669772 0.04766240830604847 0.04334075634296124 0.06243059497613173 
0 0.27042627334594727 0.07702798568285428 0.046018820542555586 0.05358465818258432 
0 0.23556140752939078 0.11728714062617375 0.06279629927415115 0.07779220434335563 
0 0.8286081002308772 0.1474904097043551 0.10142841705909142 0.0781089709355281 
0 0.711180934539208 0.16299898349321806 0.04722424653860239 0.03459194073310265 
0 0.48469783709599423 0.18394853060062116 0.15385778133685774 0.07853886714348426 
0 0.7024693213976346 0.3605844791118915 0.18580042398892915 0.10160387479341947 
0 0.48166781205397385 0.36384217555706316 0.1801305183997521 0.08508847309992863 
