0 0.29357651563791126 0.6033835961268499 0.18568211335402268 0.1460136633652907 
0 0.5567678488217868 0.15071162352195153 0.1017295764042781 0.06955320101517898 
0 0.46053517781771147 0.16107586713937613 0.04712688005887545 0.06767845153808594 
0 0.7446702810434195 0.21106545741741473 0.04940722538874699 0.05853821681096004 
0 0.7773262537442721 0.2556542891722459 0.06765226217416617 0.08477920752305251 
0 0.17297617747233465 0.24691302042741042 0.10690792707296518 0.08707946997422439 
0 0.29117255027477557 0.2711758338488065 0.04968722050006573 0.03868207564720741 
0 0.5197518238654504 0.3085748048929068 0.16018335635845476 0.09020126782930814 
0 0.28651330104241 0.4789447234227107 0.19377552545987642 0.11601671805748573 
0 0.510531865633451 0.4974060241992657 0.187195191016564 0.09840829555804913 
