0 0.27634380413935733 0.5308969937838041 0.21267351737389198 0.186493653517503 
0 0.018352360679553106 0.5593145535542414 0.03670472135910621 0.6972787380218506 
0 0.6461480580843412 0.1431277715242826 0.1139070804302509 0.09205139600313626 
0 0.5494580085460956 0.13030733053500837 0.0616307258605957 0.07701293321756217 
0 0.8149325297429011 0.24846795889047477 0.06150979262131911 0.06870533869816707 
0 0.8357987403869629 0.30075498727651745 0.08537989396315354 0.09855893942025992 
0 0.24690855466402495 0.1466717032285837 0.12320107680100661 0.11029381935413067 
0 0.35648131370544434 0.19928054626171404 0.056812396416297324 0.04952623293950008 
0 0.5707478890052209 0.29153122351719785 0.1745298825777494 0.1262196944310115 
0 0.30033456362210786 0.4051972169142503 0.21285504561204177 0.15937687800480768 
0 0.5148430787600003 0.47747986133282 0.20221031629122221 0.14071537898137018 
