0 0.7444752363058237 0.5971245215489314 0.18515795927781326 0.1545134691091684 
0 0.727765156672551 0.09881379054142879 0.04384341606727013 0.040030020933884844 
0 0.6740485613162701 0.09955998567434457 0.0365450015434852 0.044576131380521335 
0 0.5826060221745417 0.0904439389705658 0.0924990727351262 0.07657453188529381 
0 0.3985755993769719 0.11632701066824105 0.05125713348388672 0.047611273252047025 
0 0.35758231236384463 0.15724983582129845 0.060224679800180286 0.07959908705491286 
0 0.7391566771727341 0.21903455257415771 0.03738852647634653 0.040634943888737604 
0 0.1590705651503343 0.1579642387536856 0.07242415501521184 0.05004151050861065 
0 0.593171816605788 0.2520511608857375 0.14336556654710036 0.09856673387380746 
0 0.1498278104341947 0.20253241062164307 0.06099715599646935 0.05276758854205792 
0 0.4196539291968712 0.3026472330093384 0.07502563183124249 0.06110827739422138 
0 0.5696342541621282 0.44154515633216274 0.17940462552584135 0.10539649083064152 
