0 0.449875153028048 0.5669157138237586 0.1780839699965257 0.16579206173236555 
0 0.2675800690284142 0.015177824176274814 0.039442282456618086 0.030355648352549627 
0 0.5933032586024358 0.0803217704479511 0.04231882095336914 0.04274456317608173 
0 0.6414961448082557 0.09608422105128948 0.03576440077561598 0.04698166021933922 
0 0.7262114378122183 0.11267735866399911 0.08893827291635367 0.08220114157750057 
0 0.8853084857647235 0.18967573459331805 0.04951036893404447 0.05079518831693209 
0 0.9116904552166278 0.24148776898017296 0.05920681586632362 0.08364158410292405 
0 0.552070691035344 0.1956568589577308 0.03637255155123197 0.04303266451908992 
0 0.6750604556157038 0.2690450044778677 0.13696692540095404 0.10703105192918044 
0 0.8183217782240647 0.36746635803809535 0.07209359682523288 0.0656591928922213 
0 0.6474437897021954 0.46244547917292667 0.17061259196354792 0.11575977618877704 
