0 0.38099581461686355 0.4893739957075853 0.20159026292654184 0.16629706896268404 
0 0.5513401031494141 0.01706726849079132 0.04797554016113281 0.03413453698158264 
0 0.6049853655008169 0.0292848741205839 0.04077445543729342 0.0467995720414015 
0 0.6995076766380897 0.047417511160557084 0.10066509246826172 0.08246572430317219 
0 0.8761040980999286 0.12665251126656166 0.05614493443415715 0.050838167850787826 
0 0.9046056453998272 0.178277850151062 0.06762460561899039 0.08321862954359788 
0 0.5028615364661584 0.12556024698110727 0.04136745746319111 0.04294582513662485 
0 0.639101505279541 0.2004794065768902 0.15461312807523286 0.10784378418555626 
0 0.7975376569307767 0.3004993475400485 0.08157891493577224 0.06589387013362004 
0 0.6043044236990122 0.39053876583392805 0.19222222841702974 0.11713600158691406 
