0 0.33746232436253476 0.6834959617027869 0.18733778366675743 0.1505429194523738 
0 0.0600036818247575 0.12623644792116606 0.028097304014059212 0.02547905995295598 
0 0.012532316721402682 0.210816713479849 0.025064633442805365 0.036117223592904896 
0 0.3689142557290884 0.1885072084573599 0.044258447793813854 0.03908538818359375 
0 0.4242009933178241 0.19031380690061128 0.036561782543475814 0.04377421965965858 
0 0.518613338470459 0.18306520810494056 0.09360614189734826 0.0745917925467858 
0 0.7073560494642991 0.2124411234488854 0.051718565133901745 0.04650583634009728 
0 0.7483938657320462 0.25393097217266375 0.06007194519042969 0.07826962837806115 
0 0.3537480647747333 0.3077806601157555 0.037551586444561295 0.03982098285968487 
0 0.9527664551368127 0.25857634727771467 0.07358206235445462 0.04850187668433556 
0 0.5031140951009897 0.3434930673012367 0.14567224796001726 0.0955197077531081 
0 0.9610088421748235 0.30306025651785046 0.0616605465228741 0.051457148331862226 
0 0.680326351752648 0.39722530658428484 0.07595304342416617 0.059501354510967545 
0 0.5219313364762527 0.5323164096245399 0.1828182293818547 0.10160669913658729 
