0 0.46280600474430966 0.5334308514228234 0.1833956058208759 0.13877608225895807 
0 0.18537525030282828 0.035331207972306475 0.027550954085129958 0.023422387930063102 
0 0.06393545636763939 0.06153311064610115 0.044947913059821494 0.04942426543969374 
0 0.13279227568553045 0.11266651061864999 0.040451535811791055 0.033227929702171914 
0 0.48575537021343523 0.08605752999965961 0.04338161761944111 0.03595129343179556 
0 0.5393731960883508 0.08670679651773892 0.03601532716017503 0.04002933777295626 
0 0.6307781843038706 0.078487556714278 0.09162664413452148 0.06877562632927528 
0 0.8141767795269306 0.10165378222098717 0.050706716684194714 0.04275972109574538 
0 0.854587224813608 0.1383771804662851 0.059272399315467246 0.07147794503432053 
0 0.4728708267211914 0.19399215624882624 0.036910717303936295 0.036491760840782754 
0 0.6181974594409649 0.22357725180112398 0.1422732059772198 0.08853760132422814 
0 0.7907902644230769 0.26893402062929594 0.07433099013108474 0.054885002282949596 
0 0.6393126707810622 0.39368966909555286 0.17826945965106672 0.09468276684100811 
