0 0.3544398821317233 0.40735754599938023 0.05102348327636719 0.049299386831430286 
0 0.27861214601076567 0.4338512053856483 0.036530292951143704 0.05372531597430889 
0 0.34153533898867094 0.4504962150867169 0.07541753695561336 0.06822435672466572 
0 0.568504810333252 0.5364122023949256 0.02753624549278846 0.07691199962909405 
0 0.15132195215958816 0.5074064364800086 0.10942358237046462 0.08935697262103741 
0 0.6120941088749812 0.5557271517240084 0.08413982391357422 0.11118837503286508 
0 0.574206333893996 0.6039181672609769 0.049446509434626654 0.046352349794827975 
0 0.4681445085085355 0.6150605128361628 0.03913552944476788 0.05253410339355469 
0 0.3154203800054697 0.6465658041147085 0.05307995356046236 0.04102281423715445 
0 0.1304866625712468 0.6882271399864783 0.057250408025888294 0.09487166771521935 
0 0.25571500338040865 0.7471373631403997 0.09467044243445763 0.10784061138446514 
0 0.47024770883413464 0.8348709619962252 0.22059147174541766 0.2534799575805664 
0 0.28363893582270694 0.9254638963880447 0.12202765391423152 0.14907220665078896 
