0 0.40418105859022874 0.44750813337472767 0.0466923713684082 0.042645784524770886 
0 0.3331931370955247 0.4750377031473013 0.03257828492384691 0.04737006700955904 
0 0.3938614771916316 0.4872077795175406 0.0692302263700045 0.05879079378568209 
0 0.6138773698073167 0.5545608447148249 0.022875419029822715 0.06897676908052884 
0 0.21535332386310285 0.5476102645580585 0.1008912233205942 0.07650144283588116 
0 0.6562596101027268 0.5700473785400391 0.07561712998610276 0.09763482900766227 
0 0.6223837595719558 0.6154848245474008 0.045314972217266374 0.04002732496995192 
0 0.5219098604642428 0.6305013069739709 0.03513350853553185 0.04615945082444411 
0 0.37793702345628005 0.666138428908128 0.049048277047964245 0.034987376286433294 
0 0.20376040385319635 0.7124742361215445 0.050563812255859375 0.08398995032677284 
0 0.3256768171603863 0.7600655922522912 0.08587828049292931 0.09408173194298378 
0 0.5339344831613394 0.8296427359947791 0.20000333052415115 0.22123014009915865 
0 0.3607577635691716 0.9275584953049054 0.10949294383709247 0.1448830088170675 
