0 0.45836105713477504 0.49070088679973894 0.05278935799231896 0.04399648079505333 
0 0.3882152484013484 0.5264992713928223 0.038393387427696817 0.04727018796480619 
0 0.4536430835723877 0.5294270882239709 0.07787671455970177 0.06105621044452374 
0 0.6944831334627591 0.5618475767282339 0.03012385735144982 0.06679307497464694 
0 0.2758980989456177 0.6111603516798753 0.11267865621126615 0.08034588740422176 
0 0.7412623625535232 0.5704518464895395 0.08802311237041767 0.09813154660738431 
0 0.7127460333017203 0.6178667361919696 0.05111151475172777 0.04141866243802584 
0 0.6097883077768179 0.6460461616516113 0.04096823472243089 0.04634306981013371 
0 0.4644235097444974 0.6996843998248761 0.05458340278038612 0.036986937889685996 
0 0.2890574015103854 0.7676014166611892 0.0605170176579402 0.08321534670316257 
0 0.4240892483637883 0.7952099946828989 0.09847868405855618 0.09564010913555439 
0 0.6529520658346323 0.8313665023216834 0.2295366067152757 0.22473415961632362 
0 0.48656285726107085 0.937441202167135 0.12778197802030122 0.1251175950926084 
