0 0.6874790558448205 0.5205234380868765 0.05116191277137169 0.05382237067589393 
0 0.7543863516587478 0.5645411014556885 0.03741887899545523 0.05770752980158879 
0 0.6914954552283654 0.5676892353938177 0.07542346074030949 0.0747221433199369 
0 0.4597056462214543 0.6056208243736854 0.029765862684983473 0.08138377849872296 
0 0.8611537493192233 0.6683000051058255 0.10901949955866887 0.09839593447171725 
0 0.4146535029778114 0.6157965660095215 0.08564872008103591 0.11985360659085788 
0 0.4414155116448036 0.6736889619093674 0.049519795637864336 0.05067795973557692 
0 0.5399443369645339 0.7086414190439078 0.039872279533973105 0.05659763629619892 
0 0.6788715582627517 0.7748505152188815 0.05278447958139273 0.04531383514404297 
0 0.8464286510760968 0.8586296301621658 0.05910007770244892 0.10154349987323467 
0 0.7163454202505258 0.8913761652432955 0.09562859168419471 0.11689340151273288 
0 0.4960114589104286 0.8982999139966873 0.2229184737572303 0.2034001714335038 
0 0.6543007447169378 0.993828333197878 0.12437736071073092 0.012343333031122502 
