0 0.3552529078263503 0.5452982278970572 0.05045791772695688 0.043683528900146484 
0 0.278106900361868 0.5744761136861948 0.03497463006239671 0.04871284044705904 
0 0.34450523669903094 0.5864696135887733 0.07487157674936148 0.06017354818490835 
0 0.5856048327225906 0.6539833362285907 0.024089923271766074 0.07117403470552884 
0 0.15039629202622634 0.6507125267615685 0.10923275580772987 0.07819425142728366 
0 0.632081361917349 0.6695875754723182 0.08134071643535908 0.10031905541053185 
0 0.5956894801213191 0.7169263913081243 0.048987315251277044 0.04098664797269381 
0 0.48618626594543457 0.733449385716365 0.03778255902803861 0.047434513385479264 
0 0.3294597864151001 0.771732550400954 0.05313240564786471 0.03573300288273738 
0 0.13989604436434233 0.821380798633282 0.05414595970740685 0.08644170027512771 
0 0.2736298762834989 0.8694156866807204 0.09259893343998836 0.09653993753286508 
0 0.5019207184131329 0.912915523092334 0.21562726681049055 0.17416895324221024 
0 0.3141246483876155 0.9839489641957558 0.11773272661062387 0.03210207103536679 
