0 0.4943538995889517 0.436852895296537 0.05496843044574444 0.03197354536790114 
0 0.6412163881155161 0.42883612559391904 0.031873923081618086 0.02867412567138672 
0 0.480271211037269 0.6513484808114859 0.043014122889592096 0.028274095975435697 
0 0.8487795316256009 0.5905468647296612 0.04117320134089543 0.025281906127929688 
0 0.8821052404550406 0.5952575756953313 0.03782169635479267 0.0272372319148137 
0 0.8532625345083383 0.6606863828805777 0.08137849661020133 0.05824433840238131 
0 0.6948936168964093 0.6923112135667068 0.05351668137770433 0.04349429790790264 
0 0.7700888927166278 0.6971851128798264 0.02867603302001953 0.01884937286376953 
0 0.6572126241830679 0.7268289786118728 0.04123203571026142 0.031855143033541165 
0 0.1999843303973858 0.21860048404106727 0.0401464608999399 0.026389140349168044 
