0 0.6455969076890212 0.42018763835613543 0.051903724670410156 0.024977940779465895 
0 0.7898770112257737 0.43421301474938023 0.028536869929387018 0.025229454040527344 
0 0.6013712699596698 0.6322135191697341 0.040115026327279896 0.02299631558931791 
0 0.9691850222074069 0.6267878459050105 0.03867252056415264 0.020122381357046273 
0 0.9917714044165152 0.6364894280066857 0.016457190593847863 0.022739997276893027 
0 0.9629999306052923 0.697482916025015 0.07400013821629378 0.048546130840594955 
0 0.8047292415912335 0.7053004411550668 0.048629467303936295 0.0374300296490009 
0 0.8773256448599008 0.7214451936575083 0.026743375338040866 0.015330901512732873 
0 0.7630950854374812 0.7341086681072528 0.037721413832444414 0.02708295675424429 
0 0.3897225489983192 0.15814477663773757 0.03744070346538837 0.02146319242624136 
