0 0.45019824688251203 0.4138494638296274 0.05211235926701473 0.025745978722205527 
0 0.5917802040393536 0.4440329074859619 0.028813618880051833 0.025672362400935247 
0 0.38224000197190505 0.6202475657829871 0.04032824589655949 0.023596506852370042 
0 0.7478506014897273 0.6561421981224647 0.038849243750939004 0.020697300250713643 
0 0.7783165711622971 0.6693857266352727 0.035130867591271035 0.023267232454740085 
0 0.7342634567847619 0.7259873977074256 0.0756387710571289 0.04968063647930439 
0 0.5757417128636286 0.7159424194922814 0.049022784599891074 0.038174922649676986 
0 0.6459487034724309 0.7401889287508451 0.026885546170748197 0.015731004568246696 
0 0.5311560080601618 0.7399855026831994 0.03799904309786283 0.027657215411846455 
0 0.22603506308335525 0.12389089052493756 0.037639691279484674 0.022023448577293984 
