0 0.42270594376784104 0.3376338481903076 0.05426582923302284 0.02294749480027419 
0 0.2725744614234337 0.3633510149442233 0.02962809342604417 0.02321177262526292 
0 0.48755812644958496 0.5281374637897198 0.041873895204984225 0.021137530987079326 
0 0.1012423955477201 0.5559326501993033 0.0404052000779372 0.018490974719707783 
0 0.06871648935171273 0.5676639997042142 0.03638810377854567 0.020908575791579027 
0 0.11327574803278996 0.620266162432157 0.07835931044358474 0.044635662665733926 
0 0.2805947157052847 0.6132822770338792 0.050589414743276745 0.03442793626051683 
0 0.20584528262798601 0.6345563301673303 0.02791602794940655 0.014091785137469951 
0 0.32677767826960635 0.6359921968900241 0.03927700336162861 0.02490718548114483 
0 0.6683098536271316 0.07452292625720684 0.03908234376173753 0.019728422164916992 
