0 0.4892553916344276 0.4341134291428786 0.05341683901273287 0.023478874793419473 
0 0.6375684004563552 0.458664398926955 0.02909058790940505 0.024239503420316257 
0 0.4265801723186786 0.6387481689453125 0.041195062490609974 0.021784415611853965 
0 0.8079518905052772 0.6609482765197754 0.039763303903432995 0.01898362086369441 
0 0.8401263310359075 0.6728433095491849 0.03578053987943209 0.02164613283597506 
0 0.7965225073007437 0.7298629834101751 0.07705380366398738 0.046196937561035156 
0 0.631379824418288 0.7256440749535193 0.04970763279841496 0.03582330850454477 
0 0.7052823213430551 0.7469099118159368 0.027463399446927585 0.014522919288048377 
0 0.5859674857212946 0.7507824897766113 0.038605066446157604 0.02586474785437951 
0 0.24510078246776873 0.15796996079958403 0.038448718877939075 0.020332171366764948 
