0 0.609030558512761 0.3544440452869122 0.04542354437021109 0.03143145487858699 
0 0.5122202909909762 0.395568114060622 0.029502391815185547 0.03202372330885667 
0 0.346553793320289 0.42199514462397647 0.10228716410123385 0.05232675258929913 
0 0.34490468868842494 0.46952330149137056 0.09610812480633076 0.061737610743596 
0 0.3614762562971849 0.5342811070955716 0.08299009616558368 0.06524709554818961 
0 0.4225505315340482 0.8181478792371658 0.4093040319589468 0.3637042409525468 
0 0.623187413582435 0.18209428053635818 0.05663626010601337 0.043100723853478067 
0 0.47243470412034255 0.23987097923572248 0.10796253497783954 0.05955338478088379 
0 0.5227537888746995 0.28479986924391526 0.08434280982384315 0.03893228677602915 
0 0.6100579591897818 0.2943878448926486 0.05539296223567082 0.01804463679973896 
