0 0.23278229053203875 0.2681130354221051 0.04983201393714318 0.03136119475731483 
0 0.34320871646587664 0.29957759380340576 0.03225099123441256 0.031984494282649115 
0 0.527807510816134 0.30966808245732236 0.1123967170715332 0.052158245673546426 
0 0.5343432609851544 0.35682568183312047 0.10548265163715069 0.061586233285757214 
0 0.5225776158846341 0.42292116238520694 0.09096725170428936 0.06512308120727539 
0 0.48417890071868896 0.716227861551138 0.4481393557328444 0.37258052825927734 
0 0.20010042190551758 0.09790756381475009 0.06209432161771334 0.04301527371773353 
0 0.37143373489379883 0.14067001526172346 0.1185902815598708 0.05937794538644644 
0 0.320628102009113 0.1903279469563411 0.09272045355576736 0.03879101459796612 
0 0.22568407425513634 0.20842164296370286 0.06096938940194937 0.017947655457716722 
