0 0.7284144254831167 0.3990323360149677 0.04740267533522386 0.0307767574603741 
0 0.632419806260329 0.4423825740814209 0.03138263408954327 0.030094330127422627 
0 0.4659087657928467 0.47798593227679914 0.10579846455500676 0.053243270287146933 
0 0.4666609030503493 0.5198333813593938 0.10005136636587289 0.06096979287954477 
0 0.4867531886467567 0.5754421857687143 0.08700682566716121 0.06303754219642052 
0 0.5633485317230225 0.8232085519971756 0.43174585929283726 0.35358289543252724 
0 0.73397185252263 0.24667011774503267 0.059304237365722656 0.04177768413837139 
0 0.5841701764326829 0.30867807681743914 0.11189024264995868 0.059960585374098554 
0 0.6374455048487737 0.34435279552753156 0.08702223117534931 0.04023412557748648 
0 0.7263935896066519 0.34623329456035906 0.05676717024583083 0.01987457275390625 
