0 0.30704963207244873 0.2148718283726619 0.04385876655578613 0.02869264896099384 
0 0.40436493433438814 0.2507650943902823 0.028032339536226712 0.029907831778893106 
0 0.5691865590902475 0.2696915314747737 0.09948470042302059 0.04669499397277832 
0 0.5726654529571533 0.315584842975323 0.09298350260807918 0.05608103825495793 
0 0.558799725312453 0.37886808468745303 0.07982551134549655 0.06001615524291992 
0 0.5096398500295786 0.6603819957146277 0.3916884935819186 0.3458740161015437 
0 0.28634984676654524 0.04877754472769224 0.054532344524676986 0.0395723099891956 
0 0.43764549035292405 0.09861552027555612 0.10483562029325046 0.05348360996979933 
0 0.38964260541475737 0.1440746234013484 0.08219667581411508 0.034410843482384317 
0 0.3036981179164006 0.1568391093840966 0.05427753008328951 0.015293533985431377 
