0 0.6434746888967661 0.44591357157780576 0.04464142139141376 0.02759405282827524 
0 0.5445534265958346 0.4809208099658673 0.02854809394249549 0.02856272917527419 
0 0.3769559126633864 0.5006632988269513 0.10123546306903546 0.04522481331458458 
0 0.37347912788391113 0.5440562871786264 0.09463651363666241 0.054015783163217396 
0 0.3876650333404541 0.6036809040949895 0.08126049775343674 0.05758344210111178 
0 0.4380361850445087 0.8517601305189041 0.39879828232985276 0.2964797383890702 
0 0.6643044398381159 0.2887764894045316 0.05551074101374699 0.03798972643338717 
0 0.5105041173788217 0.33756701762859637 0.10668633534358098 0.0516966673044058 
0 0.5593835023733286 0.37996785457317644 0.08363767770620492 0.03342793538020207 
0 0.6468056532052847 0.3910543735210712 0.055219136751615085 0.01505734370304988 
