0 0.5816820218012884 0.35912295488210827 0.05448561448317308 0.026286528660700872 
0 0.4895053460047795 0.4158179576580341 0.03498205771813026 0.030675814701960638 
0 0.40586528411278355 0.4546646154843844 0.0700378784766564 0.03362336525550255 
0 0.7708287605872521 0.4313192550952618 0.09458131056565505 0.05859811489398663 
0 0.7801914215087891 0.5969435068277212 0.1031340085543119 0.05690556306105394 
0 0.33092196171100324 0.1440499654183021 0.08340311050415039 0.04439392456641564 
0 0.5407922084514911 0.17901896513425386 0.06753385983980618 0.03341284165015587 
0 0.6074807643890381 0.19176584023695725 0.03864834858820988 0.04424836085392879 
0 0.4684680975400485 0.26096422855670637 0.11251592636108398 0.05045934823843149 
0 0.3811617080981915 0.2866593874417819 0.051981669205885664 0.026075986715463493 
0 0.34277262137486386 0.29478169404543364 0.07252584970914401 0.019362467985886794 
0 0.44100431295541614 0.3366902791536771 0.04374606792743389 0.031412711510291465 
0 0.3140568733215332 0.37061302478496844 0.05459132561316857 0.027501252981332634 
