0 0.6297822915590726 0.39392485985389125 0.05983048218947191 0.033392172593336836 
0 0.5185111669393686 0.42914172319265514 0.039717637575589694 0.036335101494422324 
0 0.42102547792287975 0.4476951819199782 0.07689252266517052 0.04274404965914213 
0 0.8060230842003455 0.5222290662618784 0.10508478604830228 0.07196386043842022 
0 0.7699759923494779 0.7009748312143179 0.11392644735483023 0.0709240253155048 
0 0.4291085096505972 0.09684807291397682 0.09197733952448918 0.05560132631888756 
0 0.6371291600740873 0.19119109557225153 0.07423716325026292 0.042286304327157825 
0 0.7027782660264236 0.2229090929031372 0.04485900585467999 0.051324312503521256 
0 0.5394734602708083 0.25867533683776855 0.12319183349609375 0.06482898272000827 
0 0.4418184573833759 0.26223955704615665 0.057175049415001504 0.03293439058157114 
0 0.39975650493915266 0.26042806185208833 0.07816351377047025 0.027578280522273138 
0 0.490066069823045 0.3317576004908635 0.0490113405080942 0.037937347705547624 
0 0.34902143478393555 0.3332814436692458 0.06005639296311598 0.0347132316002479 
