0 0.5054256365849421 0.3300998027508075 0.055407230670635514 0.02645719968355619 
0 0.6036709822141207 0.38808268767136794 0.03484128071711613 0.032432922950157754 
0 0.6921586990356445 0.4267123295710637 0.07123132852407602 0.03382293994610126 
0 0.3136885716364934 0.420389670592088 0.09549272977388822 0.060442667741041914 
0 0.31267492587749773 0.6047329902648926 0.10449886322021484 0.058082213768592246 
0 0.7533758236811712 0.07791145719014682 0.08459318601168118 0.04515143999686608 
0 0.5382702534015362 0.1279919193341182 0.06863205249492939 0.03372363860790546 
0 0.47000367824847883 0.14572045894769523 0.03794303307166466 0.047426232924828164 
0 0.6173156774961032 0.21506788180424616 0.11462200604952298 0.05035528769859901 
0 0.7089051375022302 0.23890274304610032 0.052807936301598184 0.02635788917541504 
0 0.7490113423420832 0.2458577614564162 0.07458211825444148 0.017723798751831055 
0 0.6496653373424823 0.29764859492962176 0.043938820178692155 0.032780390519362226 
0 0.7826606493729812 0.3284881298358624 0.055452896998478815 0.027811123774601862 
