0 0.49242751414959246 0.3486788089458759 0.05609281246478741 0.0316771727341872 
0 0.40146558101360613 0.416701078414917 0.03665289512047401 0.03645951931293194 
0 0.3183528735087468 0.4636668792137733 0.07209603603069599 0.040524776165301986 
0 0.6876846460195688 0.4299437999725342 0.09797169612004207 0.07013845443725586 
0 0.704744265629695 0.6237903191493108 0.10650708125187801 0.0683126816382775 
0 0.22812021695650542 0.10112638427661015 0.08605568225567158 0.05334522632452158 
0 0.44271063804626465 0.13842175557063177 0.0695643424987793 0.04023438233595628 
0 0.5109736736004169 0.1521880947626554 0.04097388340876652 0.05238170807178204 
0 0.3730490024273212 0.23567501398233268 0.11565773303692158 0.060947729991032526 
0 0.28561532497406006 0.2672993861711942 0.053561155612652116 0.031386797244732194 
0 0.24702533391805795 0.2774844811512874 0.07394154255206768 0.02390749637897198 
0 0.3486318038060115 0.32485937155210054 0.04551370327289288 0.0374758610358605 
0 0.22134231604062593 0.36681402646578276 0.05625546895540678 0.03309822082519531 
