0 0.4824032783508301 0.35555179302509016 0.058765338017390326 0.03778486985426683 
0 0.3723870607522818 0.38803531573368955 0.04024017774141752 0.03991849605853741 
0 0.27700711213625395 0.40342204387371355 0.07550890629108135 0.04838140194232647 
0 0.641596298951369 0.499739591891949 0.1043696403503418 0.0803063099200909 
0 0.5922656976259671 0.6881031256455642 0.1125353666452261 0.07963407956636868 
0 0.31349298587212193 0.031095085235742424 0.09071036485525277 0.06219017047148485 
0 0.5060630211463342 0.1404195290345412 0.07298975724440354 0.04777693748474121 
0 0.5666769651266245 0.17704512064273542 0.04634185937734751 0.055856053645794206 
0 0.40651625853318435 0.20780068177443284 0.12065814091609074 0.07368865379920372 
0 0.3121995742504413 0.2072498339873094 0.05624613395104042 0.03718036871690016 
0 0.2718493113150963 0.2034558241183941 0.0753795733818641 0.03256117380582369 
0 0.3529664186330942 0.28327491650214565 0.049057373633751504 0.04203420418959398 
0 0.21703985104194054 0.27862780827742356 0.059091036136333756 0.03917879324692946 
