0 0.43105873694786656 0.442529348226694 0.05344596275916466 0.036197809072641224 
0 0.4527639058920053 0.4730435334719144 0.055976464198185846 0.02674267842219426 
0 0.8699617385864258 0.4942125357114352 0.04178780775803786 0.025115343240591195 
0 0.658621934744028 0.503243299630972 0.02257567185621995 0.04359105917123648 
0 0.761775750380296 0.5111866364112267 0.1058802971473107 0.0401912102332482 
0 0.2536268692750197 0.5445321523226224 0.07083960679861215 0.04983953329233023 
0 0.6652016639709473 0.5643345759465144 0.09936677492581882 0.057865289541391224 
0 0.5404838782090408 0.5664741442753718 0.07061481475830078 0.04268301450289213 
0 0.4538993468651405 0.5721725683945876 0.09355647747333233 0.05292034149169922 
0 0.8454376734220065 0.5985231399536133 0.08785856687105618 0.05155387291541466 
0 0.27648486540867734 0.5834390750298133 0.08759621473459098 0.04320449095505934 
0 0.39490525539104754 0.6014024844536414 0.06603222626906174 0.03181783969585712 
0 0.04335452043093168 0.5977383393507737 0.08670904086186336 0.03609143770658053 
0 0.12207831098483159 0.6288414551661565 0.10215956889666043 0.05675935745239258 
0 0.19677987006994394 0.6406866953923152 0.09325670278989352 0.043378389798677884 
