0 0.4793062210083008 0.6057376311375544 0.05230250725379357 0.04173187109140249 
0 0.4589343804579515 0.6408331944392278 0.05455736013559195 0.030895526592548076 
0 0.056176796555519104 0.6667466897230881 0.0408305823802948 0.02897343268761268 
0 0.26059257984161377 0.6762851568368765 0.022653818130493164 0.05009240370530348 
0 0.16106280455222496 0.6858008824861966 0.1029900129024799 0.046517372131347656 
0 0.6527935541593112 0.722081367786114 0.06936095311091496 0.0574486805842473 
0 0.2554429586117084 0.7464049412653997 0.09705372957082894 0.06676629873422477 
0 0.37601155501145583 0.7483740953298715 0.06900200477013221 0.04923827831561749 
0 0.45979892290555513 0.7545751058138334 0.09134769439697266 0.06107132251446064 
0 0.08194099710537837 0.7863337810222919 0.08582106461891761 0.05948147406944862 
0 0.631473761338454 0.7668109306922326 0.0854024153489333 0.049902695875901446 
0 0.5173887839684119 0.7878828048706055 0.06436355297382061 0.036756662222055286 
0 0.8580557749821589 0.7823054240300105 0.0864100823035607 0.041747753436748795 
0 0.7815895080566406 0.8183028514568622 0.09972733717698318 0.06550869574913612 
0 0.7096329835745004 0.8321846448458158 0.09086924332838792 0.05012424175555889 
