0 0.38130785868718076 0.635409428523137 0.05933812948373648 0.0499110588660607 
0 0.40966160480792707 0.6679777732262244 0.06047677993774414 0.03880794231708233 
0 0.8342819213867188 0.613660794038039 0.04591795114370493 0.03518181580763597 
0 0.6233880519866943 0.6649478032038763 0.029297938713660605 0.05520468491774339 
0 0.7289539483877329 0.6547778936532828 0.11283815824068509 0.06087508568396935 
0 0.22435394617227408 0.7920902325556829 0.07892768199627216 0.06839862236609826 
0 0.6430209966806265 0.7372041482191819 0.10891019381009616 0.081420531639686 
0 0.5178872255178598 0.7636316739595853 0.07763033646803635 0.05974373450646034 
0 0.43191091830913836 0.7870486332820013 0.10230827331542969 0.07477716299203727 
0 0.8317956557640662 0.743874403146597 0.09635507143460788 0.07246134831355168 
0 0.2556554996050321 0.8345376161428598 0.09484146191523625 0.06236391801100511 
0 0.3787280229421762 0.8335055938133826 0.0713815689086914 0.04610626514141376 
0 0.035191882115144 0.8965306282043457 0.070383764230288 0.05392742156982422 
0 0.10983675947556129 0.9187039595383865 0.1115625133881202 0.0804146986741286 
0 0.1875823552791889 0.9186710577744704 0.10057850984426644 0.06323733696570763 
