0 0.4596598515143761 0.6005849471459022 0.052779747889592096 0.04686289567213792 
0 0.4851242028749906 0.630959730881911 0.05360504297109751 0.03648992685171274 
0 0.8584154202387884 0.5786616802215576 0.040789310748760514 0.033048152923583984 
0 0.6733763401324933 0.6273821500631479 0.026535400977501504 0.05170114223773663 
0 0.7662307665898249 0.6174996816194974 0.0998371564424955 0.05730460240290715 
0 0.3237096346341647 0.7477320157564603 0.07023547245905949 0.06421279907226562 
0 0.6917475186861478 0.6949221170865573 0.09671445993276742 0.0764920894916241 
0 0.5818950579716609 0.7200843737675593 0.06896393115703876 0.05611911186805138 
0 0.5064964111034687 0.7422936512873723 0.09082526427048904 0.07025924095740685 
0 0.8581608258760892 0.7005074574397161 0.08557187593900241 0.06807312598595253 
0 0.35191792708176833 0.7873400174654447 0.08408825214092548 0.05863057650052584 
0 0.46033186178940994 0.7859469193678635 0.06327530053945687 0.0433508066030649 
0 0.1477726514522846 0.846153736114502 0.08407697310814491 0.05074625748854417 
0 0.2247000290797307 0.8665987895085261 0.09902323209322415 0.0755618168757512 
0 0.2931948991922232 0.8662978685819186 0.08912970469548152 0.05946775583120493 
