0 0.5287140516134409 0.5592514551602877 0.05810249768770658 0.04219906146709736 
0 0.5554354190826416 0.5900531915517954 0.06001769579373873 0.03197919405423678 
0 0.9836850164887997 0.564851687504695 0.032629966449279055 0.029508297259990986 
0 0.7726088670583872 0.599185741864718 0.026660405672513522 0.04878363242516151 
0 0.8804270304166354 0.5959125115321233 0.11274653214674729 0.04912020609929012 
0 0.3594393730163574 0.691165410555326 0.07715085836557242 0.0579687265249399 
0 0.7879611895634577 0.6651231325589694 0.10731821793776292 0.06813680208646335 
0 0.6592466647808368 0.6819020784818209 0.07638227022611178 0.05012923020582933 
0 0.5704768621004545 0.6981505980858436 0.10092610579270583 0.06244476024921124 
0 0.9658644381337441 0.6815777925344614 0.06827112315939023 0.06067239321195162 
0 0.38852731998150164 0.7309968654926007 0.09402165046105018 0.05152628971980168 
0 0.5135396077082708 0.7368955612182617 0.07081963465763973 0.03802064748910757 
0 0.1482924773142888 0.7737267934359037 0.09472298622131348 0.04380321502685547 
0 0.23515337247114915 0.7984482691838191 0.11013003496023324 0.06706311152531551 
0 0.3140850617335393 0.802729973426232 0.09990138273972732 0.051991976224459134 
