0 0.4451779769017146 0.5953846711378831 0.04643326539259691 0.034888194157527044 
0 0.3634879222282997 0.6193284254807693 0.03233883931086613 0.03259585453913762 
0 0.5265983434823843 0.6111828914055457 0.01799143277681791 0.025904398698073167 
0 0.5000206140371469 0.6156925238095797 0.03734904069166917 0.03142984096820538 
0 0.4179087785574106 0.6323045033674973 0.03675027994009165 0.043085648463322565 
0 0.5583467300121601 0.629909662099985 0.025295807765080378 0.02048947260929988 
0 0.027180167344900277 0.6630653968224158 0.05436033468980055 0.03608967707707332 
0 0.5968090754288894 0.63205597950862 0.028011872218205378 0.023572408235990085 
0 0.4672351066882794 0.645580951984112 0.05805650124183068 0.06041717529296875 
0 0.5278554329505334 0.6552488620464618 0.04422341860257662 0.0406034909761869 
0 0.6732192039489746 0.6496209364670974 0.09321234776423527 0.05372164799616887 
0 0.5855910778045654 0.6592014386103704 0.06562221967256986 0.03748108790471004 
0 0.39148319684542143 0.6838879585266113 0.07716934497539814 0.039623187138484076 
0 0.1949967512717614 0.7116573773897611 0.04251973445598896 0.05511694688063402 
0 0.5188390291654147 0.6984491715064416 0.0273287112896259 0.033761758070725664 
0 0.6270902156829834 0.7141367472135104 0.039128853724553034 0.04030308356651893 
0 0.5053268029139593 0.730143877176138 0.03292938379141001 0.04286039792574369 
0 0.4386673890627347 0.7487874764662522 0.04057124944833609 0.043310972360464245 
0 0.1664456450022184 0.7707228293785682 0.03666594395270714 0.04161922748272236 
0 0.36292380553025466 0.7650240017817571 0.03590671832744892 0.028422062213604268 
