0 0.5961237503932073 0.603162013567411 0.05175872949453501 0.038109155801626354 
0 0.5148270130157471 0.6379136305588943 0.03711982873769907 0.03377987788273738 
0 0.6822418432969314 0.6038764440096341 0.02165508270263672 0.025571162884051982 
0 0.6553711157578689 0.6122590761918288 0.04206767449012169 0.03359072025005634 
0 0.5726979512434739 0.6405451481158917 0.042964238386887774 0.04365972372201773 
0 0.717434626359206 0.6153556200174185 0.028388610252967246 0.02205485564011794 
0 0.09877139329910278 0.7474811994112455 0.06461186592395489 0.04576580341045673 
0 0.1666718262892503 0.7331282909099872 0.07265112950251652 0.04252543816199669 
0 0.757433817936824 0.6109544497269851 0.03155077420748197 0.025193104377159707 
0 0.625345725279588 0.6442807087531457 0.06688488446749173 0.06230020523071289 
0 0.6891949360187237 0.6429458764883188 0.050248292776254505 0.04272959782527043 
0 0.8386041201077975 0.6140660506028396 0.10179490309495193 0.062270091130183294 
0 0.7493314009446365 0.6369906205397385 0.07162064772385818 0.04354256850022536 
0 0.5520250613872821 0.6908593911391038 0.08364794804499699 0.047319779029259317 
0 0.35265777661250186 0.7478664104755108 0.050389693333552435 0.05510858389047476 
0 0.6854264185978816 0.6829303227938138 0.032171982985276446 0.03396892547607422 
0 0.7992411760183481 0.679141484774076 0.04502523862398588 0.0416255364051232 
0 0.6755383198077862 0.7133979063767654 0.039046874413123496 0.0428315676175631 
0 0.6090850279881403 0.740957993727464 0.046881565680870645 0.04448773310734676 
0 0.3307498051570012 0.805198229276217 0.042688956627478965 0.04236646798940805 
0 0.5329407361837534 0.7678639705364521 0.04021127407367413 0.030728486868051384 
