0 0.5292881452120267 0.4732835292816162 0.04769046490009014 0.036179579221285306 
0 0.4515851460970365 0.5034869634188138 0.033895125755896933 0.03266151134784405 
0 0.6099664431351882 0.479327550301185 0.01949453353881836 0.02516031265258789 
0 0.5844185902522161 0.48616453317495495 0.038636427659254804 0.03213024139404297 
0 0.5057069154886099 0.5097292203169602 0.03901455952570988 0.042553131396953874 
0 0.6424494523268479 0.4931371578803429 0.026102359478290264 0.021043960864727315 
0 0.05689242826058315 0.5888471603393555 0.059619360245191134 0.043282655569223255 
0 0.12115287322264451 0.5784929532271165 0.06746285695296067 0.03936551167414738 
0 0.6801279141352727 0.4911468212421124 0.028977394104003906 0.024097736065204326 
0 0.5548855708195612 0.5167679419884315 0.06100617922269381 0.06034425588754507 
0 0.6147827551915095 0.5193590567662165 0.046025826380803034 0.041092322422907904 
0 0.7560648918151855 0.4993150234222412 0.09439754486083984 0.057953137617844805 
0 0.6714014273423415 0.5170374833620511 0.06642877138577975 0.04049414854783278 
0 0.4841430187225342 0.5594523319831262 0.07775251681988056 0.04361398403461163 
0 0.2948165673475999 0.6049209741445688 0.04557162064772386 0.05397165738619291 
0 0.6095111003288856 0.5596558497502253 0.029153787172757663 0.03319278130164513 
0 0.7163424491882324 0.5628460737375113 0.04108274899996244 0.040295894329364486 
0 0.5989181995391846 0.5899279300983136 0.03530718730046199 0.041955727797288164 
0 0.535439344552847 0.6137587290543777 0.04272196843073918 0.04315057167640099 
0 0.2717897891998291 0.6616811018723708 0.03881285740778996 0.041225286630483776 
0 0.462906525685237 0.6363277802100549 0.036997244908259466 0.02927567408635066 
