0 0.42953986387986404 0.5386093763204721 0.050951370826134317 0.03192002956683819 
0 0.5201332569122314 0.5609611731309158 0.03538069358238807 0.029728155869704027 
0 0.3397431740394005 0.5522070114429181 0.019585536076472357 0.023559386913592998 
0 0.3691764794863187 0.5565119706667386 0.04094076156616211 0.028717517852783203 
0 0.4601440979884221 0.5722356209388146 0.0401307252737192 0.039243844839242786 
0 0.3048863410949707 0.5688758813417875 0.027738351088303786 0.018729393298809346 
0 0.9702883865684271 0.6075281179868258 0.05942322629002424 0.03793125886183519 
0 0.8992882989920102 0.6034332055311936 0.0734908076433035 0.03318001673771785 
0 0.26240037037776065 0.5704903052403376 0.030705598684457634 0.02153811087975135 
0 0.4057897604428805 0.5838251480689416 0.06349332516009991 0.05508569570688101 
0 0.3389067283043495 0.5920546054840088 0.04843330383300781 0.03706502914428711 
0 0.178163821880634 0.5857285719651443 0.10248829768254207 0.049336800208458535 
0 0.27514046889085036 0.5951390816615179 0.07215690612792969 0.03442687254685622 
0 0.4899999728569618 0.6191182136535645 0.08491020936232346 0.036461243262657754 
0 0.7075272156642034 0.6459060448866624 0.04636430740356445 0.05016378255990835 
0 0.34941478875967175 0.6312065491309533 0.029820735637958232 0.03073875720684345 
0 0.22996033155001128 0.6444761202885554 0.042798482454740085 0.03674998650184044 
0 0.364747744340163 0.6599897604722244 0.0359045909001277 0.03900755368746244 
0 0.438661135160006 0.6774196257958045 0.0443568596473107 0.03947998927189754 
0 0.7398263124319223 0.6995742137615497 0.04005589851966271 0.0379181641798753 
0 0.5225851719196026 0.692749573634221 0.0393823476938101 0.025987551762507513 
