0 0.4715884098639855 0.5453514869396503 0.047084624950702376 0.031120923849252555 
0 0.5574039129110483 0.5587278146010178 0.03263213084294246 0.029155804560734674 
0 0.3899673498593844 0.567538646551279 0.018004380739652194 0.023226187779353216 
0 0.41756389691279483 0.5689529639024001 0.03780794143676758 0.02806832240178035 
0 0.5030872821807861 0.575721759062547 0.036966727330134466 0.03858188482431265 
0 0.35937995177048904 0.5874439753018893 0.025622074420635518 0.018291253309983473 
0 0.9750727551201215 0.5610313782325158 0.04985448918663538 0.036933532127967246 
0 0.9116483537050394 0.5640739110799936 0.0680215312884404 0.03205713858971229 
0 0.3202985983628493 0.5931638204134427 0.028355891887958232 0.02105126014122596 
0 0.45400481957655686 0.5924817415384146 0.058546249683086686 0.054054590371938854 
0 0.39302855271559495 0.6071252456078162 0.04470120943509615 0.03628987532395583 
0 0.24397021073561448 0.6164384805239164 0.09483528137207031 0.047763861142672025 
0 0.33443568303034854 0.6163657628572904 0.0667714339036208 0.033320133502666764 
0 0.5351703350360577 0.6193071145277756 0.07860682560847355 0.03516820760873648 
0 0.7386388870385977 0.6247744560241699 0.04266832425044133 0.04938793182373047 
0 0.40649975263155425 0.6449222197899451 0.027456356928898737 0.030243286719689004 
0 0.29745747492863583 0.6696596145629883 0.03946700462928185 0.0360559316781851 
0 0.4234292690570538 0.6719716512239896 0.03304107372577374 0.0384062987107497 
0 0.4933668283315805 0.6820855874281663 0.040892380934495196 0.0387573975783128 
0 0.7736311600758479 0.6748502437884991 0.03690835145803598 0.03726034898024339 
0 0.5723474392524133 0.6891469221848708 0.03638256513155424 0.025366856501652643 
