0 0.6642794975867639 0.382291316986084 0.06194613530085637 0.05012798309326172 
0 0.879788875579834 0.3974460271688608 0.07328568972074069 0.057144568516657904 
0 0.7998508306650015 0.40401328527010405 0.04176037128155048 0.036144366631141074 
0 0.3342685332665077 0.4246669182410607 0.04926483447735126 0.03765172224778395 
0 0.6782944019024189 0.43693782733036923 0.04465631338266226 0.05929238979633038 
0 0.7742517177875226 0.4415624141693115 0.04552445044884315 0.037577372330885664 
0 0.34002920297475964 0.4519653870509221 0.044159228985126205 0.03075896776639498 
0 0.14159645942541269 0.4588971688197209 0.041949648123521074 0.04701427312997671 
0 0.23625962550823504 0.46621445509103626 0.07194420007558969 0.05168485641479492 
0 0.30466867410219634 0.4770878278292142 0.05676938937260555 0.03915904118464543 
0 0.7565992428706243 0.5241231368138239 0.07277261293851413 0.09924055979802059 
0 0.057876371420346774 0.5107448834639329 0.11575274284069355 0.08007669448852539 
0 0.23488671963031477 0.5450209287496713 0.058229226332444414 0.05141247235811674 
0 0.37045801602877104 0.5667428970336914 0.054472849919245794 0.12196746239295372 
0 0.2979061328447782 0.5788936798389142 0.08107429284315842 0.07495671052199143 
0 0.5659555655259353 0.7282940057607797 0.03559721433199369 0.04009672311636118 
0 0.1842175997220553 0.7329435348510742 0.043764554537259616 0.07964867811936599 
