0 0.7891120910644531 0.3715224816248967 0.07715709392841046 0.06199363561776968 
0 0.9906796674029186 0.3302293924184946 0.018640664621041372 0.07126103914701022 
0 0.9414750245901254 0.3572821617126465 0.0524749022263747 0.04405777270977314 
0 0.4404743451338548 0.49790252172029936 0.060928601485032305 0.04716906180748573 
0 0.8171021754925067 0.420506110558143 0.06015344766470102 0.06700207636906551 
0 0.9224336697505071 0.4000756557171161 0.056847572326660156 0.04627066392164964 
0 0.4531090076153095 0.5226938174321101 0.054028951204740085 0.03939900031456581 
0 0.23914383007929876 0.5808252004476694 0.05480791972233699 0.054573315840501055 
0 0.34369829067817104 0.5633231126345121 0.0883316443516658 0.065703795506404 
0 0.4205599564772386 0.5560531983008752 0.06938244746281551 0.050280277545635514 
0 0.92253905076247 0.484149144246028 0.09853905897874099 0.1117088978107159 
0 0.11554397986485408 0.6636490638439472 0.23108795972970816 0.12182305409358098 
0 0.3606135111588698 0.6395601676060603 0.07336759567260742 0.06240965769841121 
0 0.5129764630244329 0.6253197376544659 0.08309151576115535 0.1295621578509991 
0 0.43699161822979266 0.6558334644024189 0.10281210679274339 0.09014540452223557 
0 0.7631052090571477 0.7301778793334961 0.046547889709472656 0.04650380061222957 
0 0.3494577407836914 0.833646114055927 0.06316771874060997 0.08641903217022236 
