0 0.2261334382570707 0.38512550867520845 0.0675645974966196 0.04909306306105394 
0 0.013824298977851868 0.3957539521730863 0.027648597955703735 0.05591491552499624 
0 0.07587715983390808 0.4040215015411377 0.04550376763710609 0.03545251259436974 
0 0.5900142743037298 0.4345473326169528 0.05377483367919922 0.036823236025296725 
0 0.20956798700185922 0.4395718024327205 0.048270922440748945 0.05860302998469426 
0 0.10342846008447501 0.44217733236459583 0.04963954595419077 0.03681865105262169 
0 0.5831100390507624 0.4617719833667462 0.048258194556603067 0.030009086315448467 
0 0.8022738236647385 0.47290798333974987 0.04550860478327824 0.04634541731614333 
0 0.6975115262545072 0.47823827083294207 0.07859244713416466 0.05046694095318134 
0 0.6216941613417405 0.487685515330388 0.062045977665827826 0.03819403281578651 
0 0.1213106971520644 0.5252557901235727 0.07861385895655705 0.09812355041503906 
0 0.9152449826495006 0.5275270572075477 0.1695100341278773 0.07649667446429913 
0 0.697476130265456 0.5572120409745437 0.06342997917762169 0.05045014161330003 
0 0.5472198449648343 0.5761079971606915 0.05794792908888597 0.12124806184035081 
0 0.6271620897146372 0.5898128472841703 0.08825177412766677 0.07362516109759991 
0 0.32798027992248535 0.7338124421926645 0.038613429436316855 0.03952972705547626 
0 0.7497712648831881 0.7465347876915565 0.046901702880859375 0.07902585543118991 
