0 0.842929143172044 0.5782735347747803 0.07188334831824669 0.054267553182748646 
0 0.9820109145859113 0.613023776274461 0.03597817025505579 0.03883079382089468 
0 0.4799346740429218 0.5850533705491286 0.05695896882277269 0.04104203444260817 
0 0.8530248862046462 0.6321312097402719 0.05400400895338792 0.061249953049879804 
0 0.9569756801311786 0.6464153803311862 0.052897013150728665 0.04058683835543119 
0 0.483628511428833 0.6118304912860577 0.050773950723501354 0.03393055842472957 
0 0.26711121889261097 0.5981147105877216 0.0499116640824538 0.04923813159649189 
0 0.36940040955176723 0.6148490172166091 0.08286919960608849 0.05678220895620493 
0 0.4427940111893874 0.6322999917543851 0.06523686188917893 0.04325327506432167 
0 0.9299913186293381 0.7237995221064641 0.08825250772329477 0.10231465559739333 
0 0.12420435421741925 0.6348282740666316 0.22660810557695535 0.09727844825157753 
0 0.36047950157752406 0.6903027020967923 0.06797511761005108 0.05511327890249399 
0 0.505912762421828 0.7250529435964731 0.0705571174621582 0.12215460263765775 
0 0.4258423951955942 0.729262535388653 0.09496197333702674 0.07995994274432842 
0 0.7033578432523288 0.9000835418701172 0.042372630192683294 0.04197502136230469 
0 0.28764795340024507 0.8653661287747897 0.05495707805340107 0.0806121826171875 
