0 0.2422027037693904 0.5792904817141019 0.07194654758159931 0.05156425329355093 
0 0.018760176805349495 0.5971597341390756 0.03752035361069899 0.058812691615178034 
0 0.08688877866818355 0.6028999915489783 0.0485420272900508 0.037146348219651446 
0 0.6218908566694993 0.6184774545522836 0.05718044134286734 0.03876216594989483 
0 0.2270375948685866 0.6349056684053861 0.05225948187021109 0.060660288884089544 
0 0.11692369901216947 0.6407075295081506 0.052886431033794694 0.03864347017728365 
0 0.6157396389887884 0.6462454429039588 0.05120358100304237 0.031711431650015026 
0 0.8437275886535645 0.6509860845712515 0.048944253187913164 0.048174491295447715 
0 0.7351456788870004 0.6595054773183969 0.08344760307898888 0.05325918931227464 
0 0.6567729069636419 0.6713299751281738 0.06581878662109375 0.04037791032057542 
0 0.13859840081288263 0.7242830349848821 0.08520747148073636 0.10150711353008564 
0 0.9368368660887847 0.7021327385535607 0.1263262672493091 0.08356343782865085 
0 0.7380618315476638 0.7394594045785757 0.0677028069129357 0.052824167104867786 
0 0.5827478445493258 0.7630689327533429 0.06459181125347431 0.12434886052058293 
0 0.6662693023681641 0.774560598226694 0.09432191115159255 0.07697068727933444 
0 0.36099454072805554 0.9292644354013296 0.04153607441828801 0.04108414283165565 
0 0.7994421812204214 0.9295705281771146 0.05158226306621845 0.081298461327186 
