0 0.4929206004509559 0.44760977304898775 0.033815860748291016 0.06820256893451397 
0 0.5349984535804162 0.4499823313492995 0.04740568307729868 0.04884877571692833 
0 0.5953558224898118 0.451368496968196 0.05008539786705604 0.043291495396540716 
0 0.7298836708068848 0.46430132939265323 0.083741334768442 0.042659686161921576 
0 0.040623363394003645 0.45128393173217773 0.04810768595108619 0.07976840092585637 
0 0.6226949875171368 0.4843383568983812 0.09372648826012245 0.049912599416879505 
0 0.579755581342257 0.5199126830467811 0.06849241256713867 0.050737821138822116 
0 0.4192598049457257 0.5373192567091721 0.06578129988450271 0.11669665116530198 
0 0.49898114571204555 0.5518057162945087 0.09117434575007512 0.06109156975379357 
0 0.42688358747042143 0.6345202739422138 0.045778641333946817 0.03897850330059345 
0 0.5601350710942194 0.70367064842811 0.0481715569129357 0.0825792459341196 
0 0.17671524102871233 0.3334786158341628 0.06434533229241005 0.053451941563532904 
0 0.0011473663437824983 0.3395964549137996 0.0022947326875649965 0.05422562819260817 
0 0.05204446728412922 0.38123761690579927 0.047214191693526045 0.04041613065279447 
0 0.5207388584430401 0.3976264733534593 0.06284589033860427 0.04920335916372446 
0 0.1528845108472384 0.39339670768150914 0.03888803261976976 0.04443902235764723 
