0 0.3636712661156288 0.44463287867032564 0.031221389770507812 0.06625648645254281 
0 0.3245731041981624 0.4454473898960994 0.043875932693481445 0.0472418344937838 
0 0.26857028557704044 0.44464914615337664 0.04637518295874962 0.0417931630061223 
0 0.14335597019929153 0.4524671114408053 0.07760621034182034 0.04086729196401743 
0 0.7827776395357572 0.4643250428713285 0.04445633521446815 0.07741366899930514 
0 0.24191563863020676 0.47582120161790115 0.08685484299292931 0.04785449688251202 
0 0.28030145168304443 0.5120357550107516 0.06343821378854606 0.048891764420729414 
0 0.4283783802619347 0.5347238137171819 0.06077102514413687 0.11329419796283428 
0 0.35390461408174956 0.5460086785829984 0.08446113879864033 0.05878892311683068 
0 0.4174412213839017 0.6292238602271447 0.0423888426560622 0.037623112018291764 
0 0.29117162411029524 0.6918997030991775 0.04450915409968449 0.08015654637263371 
0 0.6613192925086389 0.3446168899536133 0.059583810659555286 0.05157896188589243 
0 0.868188527914194 0.3585401681753305 0.09084107325627254 0.052024547870342545 
0 0.8767512394831731 0.3874705387995793 0.018144607543945312 0.06332793602576622 
0 0.7749799948472244 0.39562267523545486 0.04371767777663011 0.03901316569401668 
0 0.3398755880502554 0.39490800637465256 0.058202230013333835 0.047446067516620345 
0 0.6810230842003455 0.4038861898275522 0.03598242539625902 0.04301610359778771 
