0 0.5288167916811429 0.46431537774892956 0.03211509264432467 0.060520098759577826 
0 0.4897291293511024 0.46413979163536656 0.04449253815871019 0.0436558356651893 
0 0.43376863919771635 0.4621132703927847 0.046913440410907455 0.03879708510178786 
0 0.3085153011175302 0.4662567652188815 0.07810172667870155 0.03868990678053636 
0 0.9474149850698618 0.49187309925372785 0.045492905836838946 0.07089735911442684 
0 0.4066946323101337 0.48965054291945237 0.08743895017183743 0.04521098503699669 
0 0.44455451231736404 0.5232589795039251 0.06405911078819862 0.04560096447284405 
0 0.5922327408423791 0.5472053931309626 0.06229217235858624 0.10365753907423753 
0 0.5176433233114389 0.5556633655841534 0.08519990627582257 0.055022899921123795 
0 0.5799851967738225 0.6323149754450872 0.04287283237163837 0.034940866323617786 
0 0.4529129175039438 0.685988609607403 0.045583871694711536 0.07337386791522686 
0 0.827692068540133 0.380906160061176 0.06024588071382963 0.04793610939612755 
0 0.9942560928085675 0.3983055261465219 0.011487813809743294 0.049067203815166764 
0 0.9405787541316106 0.4296305546393761 0.044219677264873795 0.03622630926278921 
0 0.5057271260481614 0.4188428291907677 0.0588079966031588 0.0441742676955003 
0 0.8465591944181002 0.4349051072047307 0.03654766082763672 0.0396582896892841 
