0 0.47486156683701736 0.4371825181520902 0.04350101030789889 0.06743552134587215 
0 0.4350808033576378 0.429946991113516 0.05281562071580153 0.05250347577608549 
0 0.37845622576200044 0.4177569792820857 0.05434821202204777 0.047994136810302734 
0 0.25011159823491025 0.3994256349710318 0.0856773303105281 0.053528822385347806 
0 0.8961346332843487 0.5411563286414514 0.05887170938345102 0.08042298830472507 
0 0.345787736085745 0.44127585337712216 0.09627167995159443 0.0618585439828726 
0 0.37813593791081357 0.48277629338777983 0.07284362499530499 0.05802488327026367 
0 0.524127721786499 0.5341299313765305 0.08183130851158729 0.1168206655062162 
0 0.44658970832824707 0.5293927559485803 0.0958402707026555 0.07144414461576022 
0 0.49591535788315994 0.6197113623985877 0.049571807567889876 0.04333642812875601 
0 0.35655951499938965 0.6521428181574895 0.05942238294161283 0.0829611558180589 
0 0.7947080318744366 0.4050849767831656 0.0694436293381911 0.05971255669227013 
0 0.975680461153388 0.4603120913872352 0.04863907712010237 0.06651625266441932 
0 0.9952154891708722 0.4889469880324144 0.00956902108513392 0.062062556927020736 
0 0.9006807253910944 0.475718406530527 0.05116396683913011 0.044889046595646784 
0 0.45975155096787673 0.3861097555894118 0.06730097990769607 0.05562180739182692 
0 0.8039405529315655 0.4641907765315129 0.04408865708571214 0.046995383042555586 
