0 0.4526267968691312 0.4364617054279034 0.030909134791447565 0.06337356567382812 
0 0.4146980138925406 0.43668141731849086 0.04299655327430138 0.04549283247727614 
0 0.36038906757648176 0.43512874383192796 0.04536757102379432 0.04035322482769306 
0 0.2388698412821843 0.4407831888932448 0.07564080678499661 0.039916808788593 
0 0.8589250491215632 0.4611184597015381 0.04384913811316857 0.0741584117595966 
0 0.33423775892991286 0.4643751107729398 0.08467556880070613 0.04668444853562575 
0 0.37112014110271746 0.49933582085829514 0.06198035753690279 0.04733749536367563 
0 0.5145207918607272 0.522996920805711 0.0600127440232497 0.10846919279832107 
0 0.44218103702251726 0.5326655094440167 0.082459596487192 0.05703603304349459 
0 0.5030057980464056 0.6126496975238507 0.04146231137789213 0.03633587176983173 
0 0.37993643834040713 0.6704232876117413 0.04392667917104868 0.07676432682917668 
0 0.7422728538513184 0.3456319478841928 0.05826884049635667 0.0498350950387808 
0 0.9427797610943134 0.3617970393254207 0.08858079176682693 0.05070172823392428 
0 0.9508069111750677 0.3894123664269081 0.018201681283804085 0.06040646479679988 
0 0.8520216941833496 0.3957167405348558 0.04276415017934946 0.037675050588754505 
0 0.4300248989692101 0.38886836858896107 0.05688957067636343 0.04589007450984074 
0 0.7608144833491399 0.40223780045142543 0.035302308889535755 0.0413672740642841 
