0 0.5701894943530743 0.3728188734788161 0.06589357669536884 0.049571990966796875 
0 0.6320248567141019 0.38848451467660755 0.03724343960101788 0.03520914224477915 
0 0.4566464607532208 0.3988033808194674 0.04821223479050856 0.02476039299598107 
0 0.5050196647644043 0.4018460970658522 0.05669417748084435 0.04318820513211764 
0 0.7735376724830041 0.42049129192645734 0.03424915900597206 0.025438895592322715 
0 0.8101069010221041 0.43035505368159366 0.04211843930757963 0.030565225161038913 
0 0.6048099994659424 0.4250053075643686 0.23241274173443133 0.10174659582284781 
0 0.6879211205702561 0.449955756847675 0.07952271975003757 0.04163822760948768 
0 0.7667696292583759 0.45657488015981823 0.0740352043738732 0.032980698805588946 
0 0.24807069851801947 0.43693729547353893 0.041617356813870944 0.01968229733980619 
0 0.6402656115018405 0.45905349804804874 0.05785721998948317 0.04081803101759691 
0 0.49719372162452113 0.4609048549945538 0.05331006416907677 0.024953402005709134 
0 0.3771175421201266 0.4624154751117413 0.22016323529756987 0.08438323094294621 
0 0.6472441233121432 0.4738536247840294 0.03851795196533203 0.03525741283710186 
0 0.6166574588188758 0.47269562574533314 0.030926961165208083 0.03617708499615009 
0 0.18822139043074387 0.4613206203167255 0.052091286732600287 0.026114390446589544 
0 0.5076058644514817 0.4843142949617826 0.04466735399686373 0.030661729665902946 
0 0.9191400454594538 0.502317318549523 0.07813695760873648 0.039171585669884317 
0 0.28319228612459624 0.478240783397968 0.08118691811194786 0.05015101799598107 
0 0.16195305035664484 0.47728472489577073 0.1645268935423631 0.06417025052584134 
0 0.8246641159057617 0.5023745023287259 0.05209130507249098 0.026114390446589544 
0 0.6551073514498197 0.49716652356661284 0.035467881422776446 0.024277907151442308 
0 0.7914172686063327 0.5035384618318998 0.03951395474947416 0.029259534982534554 
0 0.841893929701585 0.5163514063908503 0.031421808096078724 0.01929627932035006 
0 0.6825326772836539 0.5115294456481934 0.1830929976243239 0.08056559929480919 
0 0.4271427301260141 0.5127625098595252 0.0686034422654372 0.02553242903489333 
0 0.5657230890714205 0.5252770093771127 0.05337186960073618 0.05392635785616361 
0 0.7643694144028884 0.5364315876593957 0.027654134310208835 0.020360763256366435 
0 0.35521705334003156 0.5221527172968938 0.0650027348445012 0.03022458003117488 
0 0.8534691517169659 0.5422274882976825 0.06101248814509465 0.026452064514160156 
0 0.5002810588249793 0.5324900517096887 0.08146531765277569 0.056197129763089694 
0 0.44885783929091233 0.5402338137993445 0.02532793925358699 0.025101111485407904 
0 0.4806075829725999 0.5438584914574256 0.03535652160644531 0.021859462444598857 
