0 0.5425466574155368 0.47468783305241513 0.07065197137685922 0.05932265061598558 
0 0.6056617773496188 0.4960432236011212 0.040331437037541315 0.041544364048884466 
0 0.4236288437476525 0.4968103262094351 0.0510556881244366 0.03057553217961238 
0 0.4735121726989746 0.5031959276932937 0.060817865224984974 0.05163908004760742 
0 0.7503159229572003 0.5406088462242713 0.03670421013465294 0.030469454251802884 
0 0.7876088435833271 0.5539096135359544 0.045097717872032754 0.036669254302978516 
0 0.5754850277533898 0.5352820983299842 0.24514297338632438 0.12776037362905648 
0 0.6601010836087741 0.5683484444251428 0.08425697913536659 0.05132132310133714 
0 0.7413194362933819 0.5806161990532508 0.07812191889836238 0.04133264835064228 
0 0.205710035104018 0.5266950680659368 0.043978012525118314 0.024508109459510215 
0 0.6102895553295429 0.5756077399620643 0.06188499010526217 0.04906911116379958 
0 0.462151784163255 0.5688769083756667 0.0563196035531851 0.031105518341064453 
0 0.33782631617326003 0.5631796029897836 0.23155713081359863 0.1076506101168119 
0 0.6166925430297852 0.5926175117492676 0.04164739755483774 0.041676888099083535 
0 0.5851087019993708 0.5894379248985877 0.03387594223022461 0.04223317366379958 
0 0.14243718752494225 0.5503281446603628 0.055128088364234336 0.03232420407808744 
0 0.47163180204538196 0.5957429042229285 0.047729748945969805 0.036934302403376654 
0 0.896448905651386 0.6412378824674166 0.08269214630126953 0.04848634279691256 
0 0.23976813829862154 0.5751281334803655 0.08644386438223031 0.0609124623812162 
0 0.11437550645608169 0.5665958477900579 0.1731031720454876 0.08168521294227013 
0 0.7986921897301307 0.6354877398564265 0.05512809753417969 0.03232420407808744 
0 0.6235405848576472 0.6192185511955848 0.03789578951322115 0.0292507685147799 
0 0.7642274636488694 0.6347455978393555 0.04234130565936749 0.035053106454702526 
0 0.8157475544856145 0.6522062008197491 0.03345005328838642 0.023448357215294473 
0 0.6511238354903001 0.636996892782358 0.193144468160776 0.1011061301598182 
0 0.38680538764366734 0.6226612054384671 0.07211156991811898 0.03269536678607647 
0 0.5295021900763879 0.6452094408181998 0.05798967068011944 0.06340279945960411 
0 0.734423930828388 0.6699307148273175 0.02962655287522536 0.02440195817213792 
0 0.3118656048407921 0.6287545057443472 0.06866128628070538 0.037702780503493086 
0 0.8262947155879095 0.6819071036118728 0.06434007791372445 0.03325161567101112 
0 0.4613912105560303 0.6492626850421612 0.0870659534747784 0.06766869471623348 
0 0.4077561085040753 0.6547732353210449 0.02749215639554537 0.02954211601844201 
0 0.4404071294344388 0.6607878391559308 0.03764688051663912 0.026548165541428786 
