0 0.43969167195833647 0.5223589493678167 0.07817858916062576 0.0715638307424692 
0 0.49881968131432164 0.5563715788034292 0.04596856924203726 0.04824983156644381 
0 0.31760186415452224 0.5206634814922626 0.05434901897723858 0.03987341660719652 
0 0.36613176419184756 0.5370477162874662 0.06739700757540189 0.06215528341440054 
0 0.635085967870859 0.629944269473736 0.04055349643413837 0.03684164927555965 
0 0.6699060660142165 0.6507241175724909 0.04969325432410607 0.04452705383300781 
0 0.462076865709745 0.5895825165968674 0.2576314852787898 0.17310406611515924 
0 0.5405875536111685 0.6396200840289776 0.08984253956721379 0.0666338847233699 
0 0.6192816954392654 0.6681682513310359 0.08220980717585637 0.05576009016770583 
0 0.09569602287732638 0.5068963307600755 0.046495721890376165 0.03258430040799654 
0 0.4897913199204665 0.6369016904097337 0.06797291682316707 0.05989767954899715 
0 0.3435770548306979 0.6004839677077073 0.05949482550987831 0.041458423321063705 
0 0.22087427286001352 0.5698717190669134 0.24107955052302435 0.15096040872427133 
0 0.49324661034804124 0.655202682201679 0.04725503921508789 0.048646119924692005 
0 0.4623717711522029 0.6456928253173828 0.039891573098989636 0.04759568434495192 
0 0.028992469494159404 0.5178622282468356 0.05798493898831881 0.042389099414532 
0 0.3484047742990347 0.6292624840369592 0.05226612091064453 0.04531948383037861 
0 0.7632179993849534 0.7599036510174091 0.08784558222844051 0.0635835941021259 
0 0.12127876740235549 0.5621772179236779 0.09361599958859958 0.07631881420428936 
0 0.04410824867395254 0.5285148253807654 0.08821649734790508 0.11401741321270283 
0 0.6669547007634089 0.7345624336829553 0.0585636725792518 0.0423890627347506 
0 0.49550142655005824 0.6831886951739972 0.04148457600520207 0.03591089982252855 
0 0.6327963975759653 0.7269139289855957 0.04676503401536208 0.04240747598501352 
0 0.6810568662790152 0.7547064561110276 0.036204044635479264 0.029414250300480768 
0 0.5198952418107253 0.706502731029804 0.203061947455773 0.13681536454420823 
0 0.2594074010848999 0.6391963225144607 0.07493226344768818 0.04621329674353966 
0 0.39749890107374924 0.6903488819415753 0.06673526763916016 0.07290920844444862 
0 0.5971194597390982 0.7561440467834473 0.0327000617980957 0.029552533076359674 
0 0.18381333809632522 0.6302762214954083 0.07249409418839675 0.05033232615544246 
0 0.6864604949951172 0.7865351163423978 0.06756885235126202 0.04516278780423678 
0 0.32904766156123233 0.6807560553917518 0.09539241057175857 0.08295367314265324 
0 0.2747473166539119 0.6755219973050631 0.03154820662278395 0.03406788752629207 
0 0.30619800090789795 0.6880819614116962 0.04077399694002592 0.03325697091909555 
