0 0.3726101288428673 0.29972514739403355 0.07176157144399789 0.0651405407832219 
0 0.30809993010300857 0.30356961947221023 0.041502732496995196 0.04494929313659668 
0 0.47890241329486555 0.35436333142794096 0.05099678039550781 0.03464559408334585 
0 0.4304831394782433 0.346989448253925 0.0618132444528433 0.056653389563927285 
0 0.1613195171722999 0.3080353003281813 0.03725619499499981 0.03348805354191707 
0 0.12303532086885892 0.31098411633418155 0.045722282849825345 0.04036987744844877 
0 0.3268475074034471 0.35080233904031605 0.24352640372056228 0.1470946715428279 
0 0.23927592314206636 0.36035845829890323 0.08422013429495004 0.05804751469538762 
0 0.15998365787359384 0.3502091077657846 0.07765017105982853 0.047500867110032305 
0 0.6762909889221191 0.44391525708712065 0.043799253610464245 0.02799400916466346 
0 0.2842899194130531 0.3812530774336595 0.06265447689936711 0.05413345190194937 
0 0.42508756197415865 0.41529009892390323 0.05607106135441707 0.035566550034743086 
0 0.5432646091167743 0.4438078220073993 0.22911790701059195 0.12577122908372146 
0 0.2741144620455228 0.39637279510498047 0.04277126605694111 0.045179513784555286 
0 0.30456011111919695 0.4018984941335825 0.035373541025015026 0.04517320486215445 
0 0.7299443758451022 0.4847582486959604 0.05501615084134615 0.03671136269202599 
0 0.4096106749314528 0.4393447912656344 0.04825944166917067 0.04083028206458458 
0 0.02034893173437852 0.36772867349477917 0.04069786346875704 0.05506706237792969 
0 0.6324513692122239 0.4826165712796725 0.08698445100050706 0.06790337195763221 
0 0.7523243610675519 0.5086143200214093 0.17136434408334586 0.09524462773249699 
0 0.0926688015460968 0.38889145851135254 0.05501614625637348 0.03671136269202599 
0 0.26117472465221697 0.4208880021021916 0.03831109633812538 0.03234316752507137 
0 0.12522423267364502 0.3976277938255897 0.04297146430382362 0.038534311147836536 
0 0.07255846720475417 0.40079419429485613 0.03365071003253643 0.02615213394165039 
0 0.2309158444404602 0.43094882598290074 0.1919020781150231 0.11634412178626427 
0 0.48270647342388445 0.4893719232999362 0.07129383087158203 0.03832927116980919 
0 0.34315048731290376 0.4725267520317665 0.05993054463313176 0.06833857756394607 
0 0.14461283041880682 0.4407351933992826 0.030058668209956244 0.026836541982797477 
0 0.5516095895033616 0.5160161348489615 0.0683428690983699 0.043138980865478516 
0 0.05538569276149456 0.4273688609783466 0.06389611959457397 0.03832303560697115 
0 0.40613812666672927 0.4952695736518273 0.08805274963378906 0.07477881358220027 
0 0.45517149338355434 0.5154798214252179 0.028376249166635368 0.03187641730675331 
0 0.4230299729567308 0.5124740600585938 0.037883758544921875 0.02959295419546274 
