0 0.5086021973536565 0.4008630605844351 0.06732892990112305 0.060672833369328424 
0 0.44386638127840483 0.41470909118652344 0.037986351893498346 0.04315112187312199 
0 0.6228129130143386 0.44265233553372896 0.04937190275925856 0.030212989220252402 
0 0.5729544712946966 0.44217445300175595 0.05792390383206881 0.052863744588998646 
0 0.29604269908024716 0.44167635991023135 0.03499823350172777 0.031132844778207634 
0 0.2577072290273813 0.45060044068556565 0.04304654781634991 0.03740083254300631 
0 0.4686639125530536 0.4619140991797814 0.23816996354323167 0.1239461165208083 
0 0.38132293407733625 0.4853054193349985 0.08142786759596604 0.050816902747521035 
0 0.2999123059786283 0.48656368255615234 0.07586383819580078 0.04018446115347055 
0 0.8334318307729868 0.5076340895432693 0.04263437711275541 0.023996719947228067 
0 0.4294125300187331 0.5006249867952787 0.059143249805157 0.049936808072603665 
0 0.5759539604187012 0.515359273323646 0.05461538754976713 0.03042004658625676 
0 0.6989457240471473 0.5276723641615647 0.22573115275456354 0.1026293681218074 
0 0.42099785804748535 0.5181864408346323 0.03929714056161734 0.043202877044677734 
0 0.4524584733522855 0.5194289500896747 0.031477818122276895 0.04438165517953726 
0 0.8927238537715032 0.5427810595585749 0.05335022852971004 0.03185763725867638 
0 0.56328612107497 0.5431908460763785 0.04566823519193209 0.037504416245680586 
0 0.1397871466783377 0.529447812300462 0.0800253703044011 0.04778641920823317 
0 0.7939056616563064 0.555281033882728 0.08305923755352314 0.0612940788269043 
0 0.9169806332255785 0.5646672065441425 0.16603873297572136 0.0780631945683406 
0 0.23665331877194917 0.5377468512608454 0.053350246869600736 0.03185760057889498 
0 0.4109517427591177 0.5461215606102576 0.03626328248244066 0.02969521742600661 
0 0.2706440595480112 0.5420715258671687 0.04037904739379883 0.03580797635591947 
0 0.21779755445627066 0.5534048080444336 0.03214755425086388 0.023582605215219352 
0 0.3816090913919302 0.5613654026618371 0.18762460121741661 0.09814933630136344 
0 0.6433686659886286 0.5851234839512751 0.07034562184260441 0.03104125536405123 
0 0.5002103035266583 0.5884166314051702 0.054403488452617936 0.06611248163076547 
0 0.29557896577394926 0.5848084963285006 0.02826072619511531 0.024916722224308893 
0 0.7163188274090106 0.6029160206134503 0.06659617790809044 0.036843299865722656 
0 0.20372726367070124 0.5841632806337796 0.06252626272348258 0.032220070178692155 
0 0.5666977442227877 0.6029716088221624 0.08328826610858624 0.0687408080467811 
0 0.6187657943138709 0.6169571326329157 0.025822199307955228 0.030770411858191855 
0 0.5859026908874512 0.618641578234159 0.03617169306828426 0.02671663577740009 
