0 0.6737666130065918 0.631223935347337 0.04139261979323167 0.02778001931997446 
0 0.7102220608637884 0.6327857971191406 0.03867215376633864 0.03024629446176382 
0 0.5969698062309852 0.6383797572209284 0.04419081027691181 0.02785521287184495 
0 0.27268145634577823 0.6572888080890362 0.08375600668100211 0.04161856724665715 
0 0.20711666804093581 0.6654139665456918 0.051108635388887845 0.02550205817589393 
0 0.7010510151202862 0.6533825947688177 0.06389551896315354 0.03219531132624699 
0 0.372253784766564 0.6622381577124963 0.05662734691913311 0.02311112330510066 
0 0.5038505700918344 0.6612375699556791 0.0399934328519381 0.02774223914513221 
0 0.015433367628317613 0.682627274439885 0.030866735256635226 0.07822924393873948 
0 0.7964649200439453 0.6597158725445087 0.048621837909405045 0.03559317955603966 
0 0.5852340918320876 0.6666768514193021 0.03696155548095703 0.020042052635779746 
0 0.16409379702347976 0.6780195236206055 0.027167595349825345 0.01977817828838642 
0 0.12087628016105065 0.6842709688039926 0.028566718101501465 0.019815958463228665 
0 0.21185913452735314 0.6830923373882587 0.0623017457815317 0.025803639338566706 
0 0.08593677328183101 0.6864838233360877 0.05239098347150362 0.021727341871995192 
0 0.42876432492182803 0.6785222567044772 0.054529886979323164 0.04591046846829928 
0 0.8653341073256272 0.6680358739999624 0.05375121189997746 0.02049416762131911 
0 0.05107515247968527 0.6912384033203125 0.03696155318847069 0.02004212599534255 
0 0.16028571587342483 0.6908406844505897 0.031170322344853327 0.013537260202261118 
0 0.31718372381650484 0.6929742739750788 0.07326124264643742 0.018480227543757513 
0 0.4053683280944824 0.6918710195101224 0.04854400341327374 0.033051490783691406 
0 0.48247658289395845 0.694881769327017 0.0804905157822829 0.026293461139385518 
0 0.20968376673184907 0.7035007476806641 0.04955376111544096 0.02038119389460637 
0 0.2489374692623432 0.7049872325016902 0.022736604397113506 0.012040211604191707 
0 0.871553531059852 0.6882181901198167 0.17571207193227914 0.07710911677433895 
0 0.0559733326618488 0.7140000049884503 0.030121583205003005 0.024936896104079027 
0 0.6675130954155555 0.701344893528865 0.23921838173499474 0.09659642439622146 
0 0.2969753100321843 0.7189558469332181 0.029965859193068285 0.019853591918945312 
0 0.5503748747018667 0.7172183990478516 0.040071267348069414 0.030284001277043268 
0 0.8136073626004733 0.7164880679203913 0.05662727355957031 0.023111270024226263 
0 0.21085173808611357 0.7416252356309158 0.12646984137021577 0.0668946046095628 
