0 0.6474765264070951 0.493509787779588 0.039829180790827826 0.031139850616455078 
0 0.681243529686561 0.49867703364445615 0.03740398700420673 0.033654433030348554 
0 0.5752789057218112 0.49370727172264683 0.04244092794565054 0.03132933836716872 
0 0.2715635391382071 0.4825440920316256 0.07993872349078839 0.04750222426194411 
0 0.20971990548647368 0.48485150704017055 0.04878405424264761 0.029098950899564303 
0 0.6706103544968826 0.519646167755127 0.06100331819974459 0.036711692810058594 
0 0.3637232046860915 0.4973826775184044 0.05382119692288912 0.026773892916165866 
0 0.48629159193772536 0.5089921217698318 0.038523307213416465 0.03104510674109826 
0 0.02291414600152236 0.4779515816615178 0.04582829200304472 0.08978583262516902 
0 0.7587590217590332 0.535552556698139 0.046918208782489486 0.03972563376793495 
0 0.561474506671612 0.5225990735567533 0.035352120032677285 0.02274351853590745 
0 0.16839774755331186 0.4940827809847318 0.026210729892437275 0.022080348088191107 
0 0.12754181715158316 0.49655397121722883 0.027516658489520732 0.022175055283766527 
0 0.21233223951779878 0.5040639913999118 0.059231262940626875 0.02985686522263747 
0 0.09480099953137912 0.49553753779484677 0.04981025365682749 0.025137607867901143 
0 0.41465394313518816 0.5201005018674411 0.05288773316603441 0.05092081656822792 
0 0.8220024108886719 0.5510108837714562 0.051022896399864785 0.023880408360407904 
0 0.06187369731756357 0.4972251561971811 0.035352074182950534 0.02274348185612605 
0 0.16354764424837553 0.5073187718024621 0.029662278982309196 0.015604422642634464 
0 0.3093425493973952 0.5246895643380972 0.06911904995258038 0.022502679091233473 
0 0.3915211787590614 0.5320101517897385 0.04673169209406926 0.037021636962890625 
0 0.4629728610698993 0.5426288201258733 0.07620804126446064 0.031088498922494743 
0 0.2082285972741934 0.5255068632272574 0.04710522064795861 0.02359617673433744 
0 0.24460739355820876 0.5308635785029485 0.021733614114614632 0.01368405268742488 
0 0.825734175168551 0.5730221638312707 0.16724667182335487 0.08881264466505784 
0 0.06411308279404274 0.5218457258664645 0.029195533348963812 0.02767793948833759 
0 0.6345128829662616 0.5673024470989521 0.22731755330012396 0.11200428009033203 
0 0.28788920549245983 0.5503089061150184 0.028822568746713493 0.022269799159123346 
0 0.5238846448751596 0.572864660849938 0.03870975054227389 0.03374910354614258 
0 0.7689281977139987 0.5974356027749869 0.05382119692288912 0.026773929595947266 
0 0.20543138338969305 0.566067438859206 0.12088736204000619 0.07603271190936749 
