0 0.04484509275509761 0.5194307107191819 0.030513520424182598 0.024438197796161357 
0 0.765049200791579 0.5932651849893423 0.040135897122896634 0.030300397139329176 
0 0.7997561601492075 0.5975776085486779 0.03757938971886268 0.03289369436410757 
0 0.6911260531498835 0.5953208116384653 0.042815208435058594 0.03042316436767578 
0 0.3798486819634071 0.5919419618753287 0.08093705544104943 0.04572307146512545 
0 0.31658099247859073 0.5958468730633075 0.04939049940842848 0.028013889606182393 
0 0.7893979366009052 0.6188772641695462 0.061753419729379505 0.035356961763822116 
0 0.4745923189016489 0.6044495105743408 0.0546262447650616 0.0255433229299692 
0 0.6003919014563928 0.612936808512761 0.03879635150615986 0.030238995185265176 
0 0.07386979689964882 0.5952307994549091 0.14773959379929763 0.08613667121300331 
0 0.8800614430354192 0.6325587492722732 0.047201890211838946 0.03875585702749399 
0 0.6777207301213191 0.624646260188176 0.03574928870567909 0.021967667799729567 
0 0.27450162630814773 0.6061664544619046 0.026372084250816934 0.02153781744150015 
0 0.23272879307086652 0.6096955629495474 0.02771168488722581 0.021599292755126953 
0 0.3197413958035983 0.6150443187126746 0.06010730449969952 0.02850499519935021 
0 0.19917752192570612 0.609518784743089 0.05054616928100586 0.024001048161433294 
0 0.5273178173945501 0.6259186084453876 0.05305077479435848 0.0498661628136268 
0 0.945211227123554 0.646431776193472 0.05182449634258564 0.022704344529371995 
0 0.16550362568635207 0.6120581810290997 0.035749261195843034 0.021967557760385368 
0 0.2698696576631986 0.6195631577418401 0.03008431654710036 0.014931642092191257 
0 0.41959813924936146 0.6332298425527719 0.07045621138352615 0.02084776071401743 
0 0.5039315223693848 0.6384557944077712 0.047079233022836536 0.03603971921480619 
0 0.5773641879741962 0.6472648473886343 0.07752213111290565 0.02930318392240084 
0 0.31608113875755894 0.636650929084191 0.0478056760934683 0.022520138667179987 
0 0.35346726270822376 0.6410861748915452 0.021985384134145882 0.01320508810190054 
0 0.9323930005328014 0.668406816629263 0.13521399836127573 0.08502410008357121 
0 0.16841876965302688 0.6366880123431866 0.029296554051912747 0.027093007014347956 
0 0.753639294550969 0.6675917552067683 0.2307454622708834 0.10680007934570312 
0 0.39827786959134615 0.6594707048856295 0.02905126718374399 0.021660584669846755 
0 0.6404999219454252 0.6760154504042405 0.03891900869516226 0.032955096318171576 
0 0.8920378684997559 0.6943481518672063 0.0546263914841872 0.0255432862501878 
0 0.3142417394197904 0.6773936931903546 0.12229002439058743 0.07336865938626803 
