0 0.07583909539075998 0.4662821659675011 0.03414193025002113 0.02716383567223182 
0 0.8367568529569186 0.5901202605320857 0.044766792884239785 0.03383207321166992 
0 0.8733681165255033 0.596868790113009 0.042263031005859375 0.036331580235407904 
0 0.7579172941354605 0.5873799874232366 0.047609109144944414 0.03413556172297551 
0 0.42685895699721116 0.5633859084202693 0.08909324499276969 0.05239952527559721 
0 0.3592192209683932 0.5632610504443829 0.05437630873460036 0.03209132414597731 
0 0.8607125282287598 0.618230361204881 0.06801275106576773 0.040464584644024186 
0 0.526744530751155 0.5825691039745624 0.0597224235534668 0.02989537899310772 
0 0.6599932817312387 0.5996366280775803 0.04334559807410607 0.03368032895601713 
0 0.09211221638207252 0.5460957197042612 0.18035190695753464 0.09949651131263146 
0 0.9561653870802659 0.6383598400996282 0.05288784320537861 0.0429997810950646 
0 0.7414040565490723 0.6168470749488244 0.03948791210467999 0.02496785383958083 
0 0.31364086958078236 0.571170238348154 0.029540025270902194 0.02390571740957407 
0 0.2689086107107309 0.5720719374143161 0.03096118340125451 0.024057351625882663 
0 0.3611134932591365 0.5833372152768649 0.06574546373807467 0.03330535155076247 
0 0.23321087543780988 0.5696796820713923 0.05528978201059195 0.028038648458627555 
0 0.0030243084407769716 0.5455871178553655 0.006048616881553943 0.02049567149235652 
0 0.5812209569490873 0.6082599713252141 0.05992617973914513 0.05481874025785006 
0 0.9980883230097018 0.6570075108454778 0.0038233534074746645 0.026789004986102764 
0 0.19717468665196344 0.5700903855837308 0.03948804048391489 0.02496781715979943 
0 0.3076851734748253 0.5847299098968506 0.03295733378483699 0.017353387979360726 
0 0.4660067374889667 0.6087333422440749 0.07609921235304612 0.026110392350416917 
0 0.555369340456449 0.6196951499352088 0.05254943554217999 0.040196785560021035 
0 0.6328551952655499 0.6336473685044509 0.08422029935396634 0.0352781002338116 
0 0.3555636222545917 0.6054575810065637 0.052278335277850814 0.02633362550001878 
0 0.39501707370464617 0.612509562419011 0.0242612545306866 0.015041387998140775 
0 0.9672453952236817 0.6800384154686561 0.06550920897951493 0.09870199056772086 
0 0.19839207025674674 0.5957725048065186 0.03305921187767616 0.029815050271841195 
0 0.8189226297231821 0.6662917870741624 0.2521875821627103 0.1251516342163086 
0 0.4413051421825702 0.6344869687007024 0.03238234153160682 0.02420916924109826 
0 0.6978545922499436 0.6675596970778245 0.04368407909686749 0.0364833244910607 
0 0.9641827803391677 0.7030961696918194 0.0597224602332482 0.02989534231332632 
0 0.3504868379006019 0.6475022939535288 0.13494277000427246 0.08358034720787635 
