0 0.15497529048186082 0.6733782108013446 0.03149702915778527 0.02803494380070613 
0 0.8164377212524414 0.5675899065457858 0.04111700791579027 0.03512140420766977 
0 0.848502672635592 0.5632064342498779 0.039264678955078125 0.037186732658973105 
0 0.7509551415076623 0.5875739684471717 0.04353963411771334 0.035658763005183294 
0 0.4722075645740216 0.6603235831627479 0.08030851070697491 0.05619621276855469 
0 0.4167008033165565 0.6794594984788161 0.0490259757408729 0.03439947275015024 
0 0.8445858955383301 0.5859094583071195 0.06135375683124249 0.04332465391892653 
0 0.5599230436178354 0.6490541604849008 0.05330096758328951 0.03287153977614183 
0 0.6743584779592661 0.6263990585620587 0.039905621455265924 0.03485265144935021 
0 0.1924631458062392 0.7401175865760217 0.16189911732306847 0.10772426311786358 
0 0.9289525838998648 0.5767474724696233 0.04888461186335637 0.044273119706373945 
0 0.7463267399714544 0.6186226698068472 0.03577203017014723 0.026506937467134915 
0 0.3817159395951491 0.6995016611539401 0.027292728424072266 0.02462599827693059 
0 0.3453053511106051 0.7130369039682242 0.028504041525033805 0.024894861074594352 
0 0.42432706172649676 0.6968727111816406 0.05871659058790941 0.03654905465932993 
0 0.31530724121974063 0.7210558377779447 0.04938186131990873 0.030764066256009616 
0 0.11208874445695144 0.7674988966721755 0.021877068739670973 0.02094855675330529 
0 0.6123685469994178 0.6565254651583158 0.056011273310734674 0.05575898977426382 
0 0.9827175138948055 0.5739921789902908 0.034564971637267336 0.029731383690467246 
0 0.28587942857008714 0.7316774955162635 0.03577203017014723 0.026507010826697715 
0 0.38093361487755406 0.71332153907189 0.029500887944148138 0.018925300011268027 
0 0.5180284793560321 0.6897339820861816 0.0666963137113131 0.030890464782714844 
0 0.5946275821098914 0.6741072214566745 0.048314351301926836 0.04167035909799429 
0 0.6623914058391864 0.6645342019888071 0.074463991018442 0.04004229032076322 
0 0.4264669968531682 0.7182322282057542 0.046674031477708086 0.028925235454852764 
0 0.4609545377584604 0.7133113787724421 0.02194775067842924 0.016011678255521335 
0 0.9583836700767279 0.5937394912426288 0.08323265927342269 0.1074977654677171 
0 0.2946463364821214 0.7542962661156287 0.03085605914776142 0.030369025010329027 
0 0.8248536403362567 0.6407780830676739 0.2249614275418795 0.13780861634474534 
0 0.5055617919334998 0.7197921092693622 0.02971539130577674 0.02516343043400691 
0 0.7259533588702862 0.6763628079341009 0.04047606541560246 0.03745541205772987 
0 0.9551094495333158 0.632354002732497 0.05330085754394531 0.03287153977614183 
0 0.4350217855893649 0.7572737106910119 0.12206653448251578 0.08898346240703876 
