0 0.46033774889432466 0.5350921520820031 0.02653635465181791 0.034195349766657904 
0 0.48006807840787447 0.5477559016301081 0.01717101610623873 0.016553511986365683 
0 0.4957755528963529 0.5522719713357779 0.015851460970365085 0.01537011219904973 
0 0.45146824763371396 0.5539037264310397 0.01845865983229417 0.015397365276630107 
0 0.49741504742549014 0.5768237480750451 0.019762222583477315 0.015410936795748197 
0 0.3684359880594107 0.5840178086207464 0.05128915493304913 0.03328371047973633 
0 0.3608541121849647 0.6016460015223577 0.014643669128417969 0.022375216850867637 
0 0.5173212748307449 0.6023550950563871 0.023737137134258565 0.02013078102698693 
0 0.30877307745126575 0.6068685971773587 0.04330745110144982 0.02150447552020733 
0 0.4054652727567233 0.622240084868211 0.02249747056227464 0.024796375861534707 
0 0.5515513786902795 0.6265671986799973 0.049953534052922174 0.030930555783785306 
0 0.6338717203873855 0.6397485549633319 0.06982785004835862 0.05452996033888597 
0 0.5923476035778339 0.6542206910940317 0.04741026804997371 0.035582542419433594 
0 0.3435788888197679 0.6731927211468036 0.05917497781606821 0.03804434262789213 
0 0.5105070517613337 0.6761326789855957 0.050145479348989636 0.0449678714458759 
0 0.41405468720656174 0.6783079000619742 0.05262484917273888 0.03563675513634315 
0 0.6397099311535175 0.6853155356187087 0.02644036366389348 0.027176710275503304 
0 0.6789147120255691 0.6919266260587252 0.026520252227783203 0.03302552149846004 
0 0.230499267578125 0.6989401303804837 0.05775921161358173 0.029842376708984375 
0 0.46907887092003453 0.6976235463069036 0.05664759415846605 0.04386608417217548 
0 0.5669307892139142 0.7024533565227802 0.08791875839233398 0.04302237584040715 
0 0.8146517551862277 0.7022113433251014 0.042035891459538385 0.023830340458796576 
0 0.8135400276917678 0.7162622671860915 0.0576473932999831 0.02165390894963191 
0 0.5464885785029485 0.7330850087679349 0.049953607412484974 0.030930519104003906 
0 0.7513497976156381 0.7449891383831317 0.069396055661715 0.022945917569673978 
0 0.7389052647810715 0.7884068122276893 0.08016087458683895 0.04762003971980168 
