0 0.5549093759976901 0.36208519568810094 0.03139576545128456 0.044850862943209134 
0 0.5332270035376916 0.3751074717595027 0.019566095792330228 0.02224305959848257 
0 0.5167134725130521 0.37868653810941255 0.01807432908278245 0.020641620342548076 
0 0.5613627433776855 0.3861177701216478 0.02071094512939453 0.020994956676776592 
0 0.5117531923147348 0.4084295676304744 0.022029289832481973 0.02117160650400015 
0 0.6413991634662335 0.4330427279839149 0.05627030592698317 0.0467827503497784 
0 0.6467076081496018 0.4554738998413086 0.01779658977801983 0.02901348700890174 
0 0.4881630494044377 0.43712408726031965 0.02667797528780424 0.02740056698138897 
0 0.698746497814472 0.46823934408334583 0.04662609100341797 0.03147528721736027 
0 0.5987632274627686 0.4751128966991718 0.026053318610558145 0.03292292814988356 
0 0.4502448852245624 0.462450596002432 0.05460508053119366 0.04375652166513296 
0 0.365109920501709 0.4684179195990929 0.07784836108867939 0.07490139741163987 
0 0.4052148415492131 0.4911680221557617 0.05266215251042293 0.0491021963266226 
0 0.6545849213233361 0.5448567133683425 0.06487384209266076 0.05354166030883789 
0 0.4851469626793495 0.5279431159679706 0.0566862546480619 0.06085348129272461 
0 0.5825288112346942 0.542440781226525 0.05793542128342848 0.04980886899507963 
0 0.3530729917379526 0.5232764207399808 0.030355123373178337 0.036302383129413314 
0 0.3124829805814303 0.526525093958928 0.03122227008526142 0.043426146874060996 
0 0.7656362240131085 0.5901459180391752 0.062341543344350964 0.04339174123910757 
0 0.5242112966684195 0.5592417166783259 0.06310433607835036 0.06031201435969426 
0 0.4244706080510066 0.5531158814063439 0.09457045335036057 0.06312722426194411 
0 0.17364399249737078 0.5223997739645151 0.045654626993032604 0.034148106208214395 
0 0.17288116766856268 0.5396733834193304 0.061127543449401855 0.03341854535616361 
0 0.441054472556481 0.5929858501140888 0.05460508053119366 0.04375655834491436 
0 0.23199797593630278 0.5823470995976374 0.073165801855234 0.03643321990966797 
0 0.2387642768713144 0.6368293028611404 0.08735431157625638 0.06776618957519531 
