0 0.4332442833827092 0.5182161514575665 0.030941266279954176 0.04032072654137245 
0 0.45128372999338 0.5346473913926345 0.01934664066021259 0.01997822981614333 
0 0.46647249735318697 0.5416263250204233 0.017870646256666917 0.018540272345909707 
0 0.4214920080625094 0.5376958480248084 0.020507262303278997 0.018847025357759915 
0 0.46447792420020473 0.5687560301560622 0.021825607006366435 0.019000420203575723 
0 0.3331758792583759 0.5599939823150635 0.0558314690223107 0.04195048258854793 
0 0.32289963502150315 0.5783424744239221 0.01749882331261268 0.026094363285945013 
0 0.48078203201293945 0.5993177523979774 0.02641157003549429 0.02459889191847581 
0 0.26953598169180065 0.5773454446059006 0.04634395012488732 0.028184230511005107 
0 0.36488279929527867 0.6066800997807429 0.025724190932053786 0.02958378425011268 
0 0.5117453978611872 0.6302820719205416 0.05419764151939979 0.039227925814115085 
0 0.5929061999687781 0.6553602952223557 0.07712749334482047 0.06722039442795974 
0 0.5488270429464487 0.665867071885329 0.05219206443199745 0.044059459979717545 
0 0.29482012528639573 0.6545549172621506 0.06437228276179387 0.04800906548133263 
0 0.4629335403442383 0.6793264609116775 0.0560907217172476 0.054642824026254505 
0 0.3652204366830679 0.6692606485806979 0.05746533320500301 0.04467296600341797 
0 0.5920269856086144 0.7060726972726675 0.029994707841139574 0.032613240755521335 
0 0.6306299246274508 0.7183818083543044 0.030783469860370342 0.03903609055739183 
0 0.17681374916663536 0.6681868113004245 0.061949729919433594 0.0388636222252479 
0 0.4179077882033128 0.6975407233605018 0.06252450209397536 0.054125272310697116 
0 0.5159927331484281 0.7154674896827111 0.09400635499220628 0.05652185586782602 
0 0.7661572327980628 0.7471796182485727 0.04534125328063965 0.03060003427358774 
0 0.7629458629167997 0.7624412683340219 0.06084550344027006 0.029871427095853366 
0 0.4907980148608868 0.7464125706599309 0.05419771487896259 0.039227852454552285 
0 0.6958805597745455 0.7859088824345515 0.07286812708928035 0.03253650665283203 
0 0.6768604333584125 0.8319048514732947 0.08672749079190768 0.060739957369290866 
