0 0.6427065775944636 0.3337912926307091 0.03495319073016827 0.045602064866286054 
0 0.6262105061457708 0.3533131709465614 0.021280288696289062 0.023018433497502253 
0 0.6115892116840069 0.36237601133493275 0.019666084876427285 0.021352804624117337 
0 0.6566762557396522 0.35353976029616135 0.02230094029353215 0.02195292252760667 
0 0.6165037888746995 0.39135269018319935 0.023618257962740384 0.022252963139460638 
0 0.7484062268183782 0.36847519874572754 0.05968629396878756 0.04993757834801307 
0 0.7607617378234863 0.38715819212106556 0.02012935051551232 0.029246073502760667 
0 0.6032720529116117 0.42589565423818737 0.028757425454946663 0.028615364661583535 
0 0.8146431996272161 0.38061829713674694 0.04881448012131911 0.034481745499830976 
0 0.7213131464444674 0.42193992321307844 0.02862702883206881 0.03377753037672777 
0 0.5752525696387658 0.4623736234811636 0.05777542407696064 0.04690639789287861 
0 0.4958199721116286 0.49766358962425816 0.08347100477952224 0.0787182221045861 
0 0.5415365695953369 0.5044485422281119 0.05632770978487455 0.05176848631638747 
0 0.797307014465332 0.46625621502216047 0.06877737778883714 0.057200138385479264 
0 0.6298719186049241 0.5101251785571759 0.061336443974421576 0.0632930535536546 
0 0.7276533566988431 0.4892868078671969 0.06159709050105168 0.05296864876380333 
0 0.5021240527813251 0.5521203737992507 0.033172607421875 0.03740871869600736 
0 0.46438382222102237 0.5693152867830716 0.034656451298640326 0.04423662332388071 
0 0.9181492512042706 0.46882821963383603 0.0653828107393705 0.04734116334181566 
0 0.677369081057035 0.5251034039717454 0.067626586327186 0.06342774171095628 
0 0.5800508719224197 0.5544351614438571 0.09894642463097206 0.06926349493173453 
0 0.3303459149140578 0.61417634670551 0.04809065965505747 0.03691284473125751 
0 0.33522436252007115 0.6302628883948693 0.06330550633943997 0.03778237562913161 
0 0.6088443169227014 0.5851386693807749 0.05777535071739784 0.04690636121309721 
0 0.4055798420539269 0.6486336267911471 0.07545848993154672 0.041848329397348255 
0 0.4297334781059852 0.6961585925175593 0.09222929294292743 0.07292534754826473 
