0 0.503473868736854 0.4157552719116211 0.026442527770996094 0.03807273277869591 
0 0.5231861334580642 0.42991421772883487 0.017133712768554688 0.018421759972205527 
0 0.5389025211334229 0.4349810526921199 0.015816578498253457 0.0171050291794997 
0 0.4945100270784818 0.4367104493654691 0.018428509051983174 0.01713000811063326 
0 0.5404421916374793 0.4623573376582219 0.01973449266873873 0.017142515916090745 
0 0.41120497996990496 0.47011643189650315 0.05124521255493164 0.03700601137601412 
0 0.40353598961463344 0.48975486021775466 0.014577352083646335 0.0249178226177509 
0 0.5602768751291128 0.4908627730149489 0.0236969727736253 0.022396967961237982 
0 0.35134095412034255 0.49547197268559384 0.043297987717848554 0.023888771350567158 
0 0.44813990592956543 0.5128058103414682 0.022435518411489632 0.027601352104773887 
0 0.5944662827711839 0.5179264545440674 0.04991692763108473 0.03438505759605995 
0 0.6768770951491135 0.5327893770658053 0.06972929147573617 0.06065720778245192 
0 0.635219042117779 0.5488402843475342 0.04734945297241211 0.03957700729370117 
0 0.38593103335453915 0.5694878284747784 0.05912564351008488 0.0422980235173152 
0 0.5531420891101544 0.5731041431427002 0.05005047871516301 0.05003580680260292 
0 0.45651004864619327 0.5753337053152231 0.05257338743943434 0.0396270751953125 
0 0.682535088979281 0.58360428076524 0.026375752228956956 0.03024735817542443 
0 0.7217815197431124 0.5910544578845685 0.02643139545734112 0.036768509791447565 
0 0.2725437604464017 0.5979645252227783 0.057741752037635215 0.03315591812133789 
0 0.5115507932809683 0.5969804433675913 0.05656924614539513 0.04879412284264198 
0 0.609555537884052 0.6025636929732102 0.08790184901310848 0.047789977147029 
0 0.8577156158593985 0.6027962794670692 0.042014213708730846 0.02648467283982497 
0 0.8565431741567758 0.6184595364790696 0.05766380750215971 0.02402632053081806 
0 0.5889491117917575 0.6366737072284405 0.04991689095130333 0.03438509427584135 
0 0.7941228243020865 0.6503612444950984 0.06942884738628681 0.025443077087402344 
0 0.7814747278506939 0.6987426464374249 0.08011045822730431 0.05293185894305889 
