0 0.6126896051260141 0.7700868753286508 0.09666809668907753 0.10141607431265023 
0 0.3667392914111798 0.7837341381953313 0.03723588356604943 0.050612302926870495 
0 0.12170840226686917 0.11258806173618023 0.054265279036301836 0.060858662311847396 
0 0.3130448873226459 0.15824580651063186 0.08658847442040077 0.09033653369316688 
0 0.13748230383946344 0.2999496918458205 0.13967380156883827 0.11600859348590557 
0 0.5112955570220947 0.3827979014470027 0.09371254994319035 0.09211554894080529 
0 0.07333744030732375 0.4491410438831036 0.12560711457179144 0.15017058299137995 
0 0.23622486224541298 0.4797671391413762 0.05765659992511456 0.0766897935133714 
0 0.07288002509337205 0.5838297880612887 0.1457600501867441 0.18226069670457107 
0 0.6183207401862512 0.6327069906088022 0.15327897438636193 0.16243234047522911 
0 0.7363797334524301 0.6642564993638259 0.10997192676250751 0.16082228147066557 
