0 0.6575668041522686 0.9116709415729229 0.12162017822265625 0.11401667961707482 
0 0.381729217676016 0.875243040231558 0.048680782318115234 0.054665638850285456 
0 0.21467692118424636 0.1831976863054129 0.06889598186199482 0.06765984571897067 
0 0.4204084873199463 0.26542892822852504 0.10885858535766602 0.10165827090923603 
0 0.20274581817480233 0.3658018203882071 0.17087962994208702 0.13633065957289475 
0 0.6056825014261099 0.5203724274268517 0.11691728005042443 0.10476061014028695 
0 0.5027499932509202 0.09717964896788964 0.05035862555870643 0.05158879665228037 
0 0.10788889573170589 0.4957679785214938 0.16094956948206976 0.16526849453265852 
0 0.2843282222747803 0.5578785676222581 0.07511142583993766 0.08308241917536809 
0 0.09003742841573861 0.6234204402336707 0.18007485683147723 0.2017334791330191 
0 0.6854517276470478 0.7812404265770545 0.19310144277719352 0.18229946723351112 
0 0.8118612582866962 0.8352135878342849 0.14557442298302284 0.17200704721304086 
