0 0.34483150335458607 0.7752125813410833 0.12382969489464393 0.12009253868689904 
0 0.6196729586674616 0.8612914085388184 0.04921282254732572 0.058236122131347656 
0 0.8575544540698712 0.23404813729799712 0.11085161795982948 0.10704684257507324 
0 0.9644660122979146 0.43114333886366624 0.07106797483104926 0.1418579908517691 
0 0.569345657642071 0.4068005635188176 0.11923041710486779 0.10999034001277043 
0 0.8560303174532377 0.029155847186652515 0.05110260156484751 0.054656732111023024 
0 0.9825970242516353 0.6032960781684289 0.0348059509236079 0.17512273788452148 
0 0.8536023314182575 0.5870611117436335 0.075981644483713 0.08843209193303035 
0 0.9569509211354531 0.7436918845543494 0.08609815715597226 0.21341675978440505 
0 0.3773340261899508 0.6323429804581863 0.19656008940476638 0.1921067237854004 
0 0.23462324876051682 0.6301895104921781 0.14683239276592547 0.1837604596064641 
