0 0.6614866256713867 0.7462436969463642 0.10812686039851262 0.10820902310884915 
0 0.39919358033400315 0.7425680894118089 0.04234886169433594 0.05321502685546875 
0 0.17896976379247811 0.048480482055590704 0.0609355431336623 0.06466720883662884 
0 0.3796432385077843 0.108081572330915 0.09682182165292594 0.09642176903211154 
0 0.18449643942025992 0.23851549625396729 0.15438211881197417 0.12586026925307053 
0 0.5769325403066782 0.34855204362135667 0.1044455308180589 0.0987082261305589 
0 0.10735047322053176 0.38439778181222767 0.1416098979803232 0.15897497764000526 
0 0.27868123237903303 0.4268256150759183 0.06547196094806378 0.08072189184335563 
0 0.09222020323459919 0.5197344009692852 0.17783820170622605 0.19335112204918495 
0 0.6757168219639704 0.6081228439624493 0.17154653255756086 0.1732014509347769 
0 0.7993342326237605 0.6483036921574519 0.12575941819411057 0.16849547166090745 
