0 0.13743754075123712 0.6500132450690637 0.028783679008483887 0.07665667167076698 
0 0.3507390205676739 0.6571022914006159 0.03415478192842924 0.03897285461425781 
0 0.4650346315824069 0.6842757371755747 0.12361915294940655 0.0979780784020057 
0 0.548022985458374 0.6857828360337478 0.027407756218543418 0.02473104917086088 
0 0.7602726129385141 0.7013338162348821 0.19092471782977766 0.1380322529719426 
0 0.18376344900864822 0.7608707868135892 0.06239131780771109 0.04690478398249699 
0 0.9188115780170147 0.7607749058650091 0.01972037095289964 0.023078038142277643 
0 0.10273533601027268 0.881500610938439 0.009249210357666016 0.06059543903057392 
0 0.774403975560115 0.8975179012005146 0.22377784435565656 0.12788633199838492 
0 0.5665698968447171 0.09253114920396072 0.09190805141742413 0.18506229840792143 
0 0.8072577990018405 0.2109981866983267 0.07828653775728665 0.06985807418823242 
0 0.9571426098163311 0.2327970816538884 0.03797985957219051 0.03909762089069073 
0 0.8981087757990911 0.2684330940246582 0.05117636460524339 0.05635422926682692 
0 0.5611933194673978 0.31594168222867525 0.09246070568378155 0.07592909152691181 
0 0.31398666821993315 0.3296229839324951 0.11896529564490685 0.11465245026808518 
0 0.74400571676401 0.32823896408081055 0.019571744478665866 0.017464491037222054 
0 0.7097286811241736 0.3349753893338717 0.05046976529634916 0.029689715458796576 
0 0.4026329517364502 0.35201463332543004 0.05245139048649715 0.0563958608187162 
0 0.5997946812556341 0.4242420013134296 0.047090970552884616 0.046405682196983926 
0 0.06082980907880343 0.4558668870192308 0.04348902518932636 0.05470129159780649 
0 0.7431928194486178 0.44203864611112154 0.04052998469426082 0.039180828974797174 
0 0.34553287579463077 0.46062713402968186 0.15353984099168044 0.12138891220092773 
0 0.4934997741992657 0.5063668764554538 0.08305208499615009 0.05739388099083534 
0 0.8563514489393967 0.5226242725665753 0.23820165487436148 0.19145488739013672 
