0 0.07542098944003765 0.8515012447650616 0.03516662120819092 0.07569459768442008 
0 0.29442779834453875 0.8412899237412673 0.03777606670673077 0.040045004624586836 
0 0.41355466842651367 0.8582968711853027 0.13345065483680138 0.10369234818678635 
0 0.49866782701932466 0.853120913872352 0.029816187345064603 0.02586988302377554 
0 0.7172395449418288 0.8511309990516076 0.20509848227867714 0.14742352412297174 
0 0.763210626748892 0.06041930272028996 0.09335041046142578 0.12083860544057992 
0 0.1312832236289978 0.9544098193828876 0.0671598085990319 0.04989712054912861 
0 0.8841306613041804 0.8956360816955566 0.02185506087083083 0.02367261739877554 
0 0.7466035256019006 0.9842479777737305 0.23781336270845854 0.03150404387941727 
0 0.47209591131943923 0.27428858096782976 0.10883232263418344 0.1981671406672551 
0 0.7281465897193322 0.37584554232083833 0.08510655623215896 0.07314439920278695 
0 0.9892111189949971 0.35202499536367565 0.02157776143688422 0.03600502014160156 
0 0.8833169203538161 0.384842744240394 0.04168437077448918 0.040470233330359824 
0 0.8255577454200158 0.42382524563716006 0.05644717583289513 0.05804747801560622 
0 0.4840863117804894 0.49640928781949556 0.10001531014075646 0.08009041272676908 
0 0.23192948561448318 0.5293013866131122 0.1299748787513146 0.11928462982177734 
0 0.6722607979407678 0.4936405328603891 0.02127662071814904 0.01828611814058744 
0 0.6376646848825308 0.5028550991645226 0.05369971348689152 0.03246178993811974 
0 0.3244227629441481 0.5437575303591214 0.05774996830866887 0.05818920869093675 
0 0.9879017975181341 0.4872535558847281 0.02419640439061018 0.06520579411433293 
0 0.5318428002871 0.5974753269782433 0.05152669319739708 0.04819580224844126 
0 0.003232392267538951 0.6709150534409744 0.006464784535077902 0.05585017571082482 
0 0.6800654851473295 0.6031416196089524 0.04428988236647386 0.040753768040583685 
0 0.27418309908646804 0.6527639168959397 0.165727817095243 0.12849917778602013 
0 0.4292061695685753 0.6849371469937838 0.08901621745182918 0.06159188197209285 
0 0.8020818416888897 0.671603459578294 0.25734828068659854 0.20235245044414812 
0 0.8350082910977877 0.03316411805840639 0.03661661881666917 0.05322747562940304 
