0 0.8679164006159856 0.823572929088886 0.04020969684307392 0.07587983058049129 
0 0.6608667006859412 0.7915425667395959 0.039072550260103665 0.04211968642014723 
0 0.5460429741786077 0.7961496206430289 0.1342589671795185 0.11273882939265324 
0 0.46569451918968785 0.7825225683359 0.030266725100003757 0.02776820843036358 
0 0.25825616946587193 0.7585638119624212 0.20514842180105355 0.16186970930833083 
0 0.2925530213576097 0.022077266986553486 0.10044538057767428 0.04415453397310697 
0 0.8048112575824444 0.9184294847341684 0.0673382098858173 0.054553912236140326 
0 0.09537621186329769 0.7852098758404071 0.022655514570382927 0.024849965022160456 
0 0.21206790208816528 0.9297404287812802 0.23481551500467154 0.1405191418643181 
0 0.5474015566018912 0.22000781847880438 0.12083563437828651 0.20038092136383057 
0 0.29425905301020694 0.2933805539057805 0.08632267438448392 0.07859472128061148 
0 0.04109640877980452 0.24303152927985558 0.038266390562057495 0.03821873664855957 
0 0.1459771257180434 0.286536115866441 0.042743802070617676 0.042928677338820234 
0 0.19704274947826678 0.33041773392603946 0.05820576961223896 0.06122906391437237 
0 0.5143434084378756 0.4356861848097581 0.10085854163536659 0.08676220820500301 
0 0.7506714967580942 0.4932017693152794 0.13258882669302133 0.12726394946758562 
0 0.33585695120004505 0.4140286445617676 0.02158069610595703 0.01964869866004357 
0 0.3678226654346173 0.42651079251216006 0.0530999623812162 0.036523048694317155 
0 0.6613972003643329 0.4980007868546706 0.05942960885854868 0.06149867864755484 
0 0.02536432330424969 0.37414154639610875 0.05072864660849938 0.06853954608623798 
0 0.45911810948298526 0.5295601257911096 0.05265353276179387 0.051317875201885514 
0 0.9740672478309045 0.6566300758948693 0.05059476999136118 0.05831072880671574 
0 0.3177609993861272 0.5201630592346191 0.045191214634821966 0.04346796182485727 
0 0.6984889140495887 0.609498665882991 0.1667044346149151 0.13974604239830604 
0 0.5480860196627103 0.6252988668588492 0.08879896310659555 0.06797056931715745 
0 0.1951730320086846 0.5747212813450739 0.2591456129000737 0.21968911244319037 
