0 0.146144674374507 0.8409812267010028 0.04048653749319223 0.039676592900202826 
0 0.27048573127159703 0.8817371955284705 0.14399022322434646 0.10224430377666767 
0 0.36292371383080113 0.8938639347369854 0.032102034642146185 0.02555678440974309 
0 0.597957812822782 0.9317566430052886 0.2216013761667105 0.13648671341630128 
0 0.8133377295274001 0.16155904072981614 0.09905352959266076 0.13716472112215483 
0 0.4546445883237399 0.3208374793712909 0.11452744557307316 0.19742756623488206 
0 0.7083993324866662 0.4721853733062744 0.09164898212139423 0.07224812874427208 
0 0.9909929860956393 0.5031831814692571 0.018014027235599663 0.035626998314490683 
0 0.8730942652775691 0.5123712649712195 0.04477016742412861 0.04004936951857347 
0 0.8029960485605093 0.5389269865476168 0.060543060302734375 0.057490018697885364 
0 0.4213731288909912 0.5410927992600661 0.10785355934729943 0.07901441133939303 
0 0.1438683202633491 0.5223849003131573 0.13977292409309974 0.11794537764329177 
0 0.6239398075984075 0.5764104953178992 0.022912245530348558 0.018062041356013372 
0 0.5848892285273626 0.5784547328948975 0.05817721440241887 0.03184307538546049 
0 0.24015004818256086 0.5552562566903921 0.06197093083308293 0.05761432647705078 
0 0.975577354287872 0.6376700768103967 0.048845290851134524 0.06461202181302585 
0 0.4516412111429068 0.6498596851642315 0.05538782706627479 0.0476683836716872 
0 0.6095703748556284 0.6853747367858887 0.04762587180504432 0.0402978016779973 
0 0.16357695368620065 0.6520036367269663 0.17882350316414466 0.12669992446899414 
0 0.32329936210925764 0.7148882792546198 0.09623976854177621 0.06059675950270433 
0 0.7263240264012263 0.7771761233990009 0.27761176916269154 0.1995692619910607 
0 0.8942945553706243 0.1577191444543692 0.03887594663179838 0.05292641199552096 
