0 0.030849059613851402 0.6167302315051739 0.02750798945243542 0.06993370789747971 
0 0.23565826966212347 0.6236750529362605 0.03273239502540001 0.03551160372220553 
0 0.34536232398106503 0.6487380174490122 0.11854665095989521 0.08919283059927133 
0 0.425048828125 0.650297788473276 0.026277835552509014 0.0225218992966872 
0 0.628833110515888 0.6649660697350135 0.18311368502103365 0.12561812767615685 
0 0.07513882563664363 0.7180475088266226 0.05983567237854004 0.04269189100999098 
0 0.7809651081378644 0.7195877295274001 0.01889808361346905 0.02102961907019982 
0 0.0007542332347769004 0.8280048737159142 0.0015084664695538008 0.05531112964336689 
0 0.9261221152085525 0.835962699009822 0.0824127930861253 0.11120363382192758 
0 0.6420586109161377 0.8441163576566256 0.21468246900118315 0.11628062908466046 
0 0.4439114057100736 0.10219006125743572 0.08791461357703576 0.18178619329745954 
0 0.6748104829054612 0.21738626406742975 0.07506062434269832 0.06361601902888371 
0 0.9271721839904785 0.2152719864478478 0.032632607680100664 0.03166741591233473 
0 0.8186983328599197 0.23762093140528753 0.03640563671405499 0.03561707643362192 
0 0.7619488789485052 0.27002640870901257 0.04904864384577824 0.0513453483581543 
0 0.43834424018859863 0.3126563292283278 0.08866211084219125 0.06912825657771184 
0 0.20094137008373553 0.324600128027109 0.11404798581049992 0.10442898823664738 
0 0.6138673012073224 0.32428882672236514 0.01876511940589318 0.015904023097111628 
0 0.5809412002563477 0.33036332864027756 0.04841694465050331 0.02699870329636794 
0 0.28602423117710996 0.34524033619807315 0.05027310664837177 0.05138052426851713 
0 0.9255992816044734 0.34355279115530163 0.05288821000319261 0.05785777018620418 
0 0.4752210470346304 0.411621643946721 0.045142760643592246 0.04227007352388822 
0 0.6128871074089637 0.4281878104576698 0.03885441560011644 0.03568737323467548 
0 0.23100366042210504 0.44427873538090634 0.14724007019629845 0.1105035268343412 
0 0.37300792107215297 0.48636753742511457 0.07965902181772086 0.05222404920137846 
0 0.7214057445526123 0.5020143068753756 0.228422788473276 0.17429527869591346 
