0 0.41271517826960635 0.7115959754356971 0.02363432370699369 0.021031012901893027 
0 0.3155291722371028 0.7064820069533128 0.023493601725651667 0.019675621619591348 
0 0.24973053198594314 0.7221397619981033 0.034870147705078125 0.03283346616304838 
0 0.31038836332467884 0.7278945262615497 0.02955205623920147 0.022934473477877103 
0 0.8998389977675217 0.6975850692162147 0.01627239814171424 0.018990516662597656 
0 0.3431416474855863 0.6653012128976675 0.025078516740065355 0.021167975205641527 
0 0.7689090875478891 0.7084323809697077 0.01651734572190505 0.03511832310603215 
0 0.8165688147911658 0.7129540076622596 0.019301634568434495 0.020619905911959134 
0 0.7827883133521447 0.7152242293724647 0.01729429685152494 0.015061378479003906 
0 0.43863833867586577 0.6866801335261419 0.019723928891695462 0.024686226477989785 
