0 0.5178908017965463 0.7114789302532489 0.021294703850379355 0.02039227118858924 
0 0.429729883487408 0.7083332722003644 0.021177915426400993 0.01905052478496845 
0 0.3701939766223614 0.725094355069674 0.031403578244722806 0.03187693082369291 
0 0.42523932456970215 0.7295899391174316 0.02665391335120568 0.022162437438964844 
0 0.9594624959505521 0.6880776698772724 0.014624742361215444 0.018515293414776143 
0 0.4544381545140193 0.6671044643108661 0.022605345799372747 0.020499376150277946 
0 0.8408326369065505 0.7013640036949744 0.014716221736027645 0.03451127272385817 
0 0.8840825007512019 0.7048962299640362 0.01736288804274339 0.02007124974177434 
0 0.8534713158240685 0.7078020389263446 0.015584945678710938 0.014596498929537259 
0 0.5411971165583684 0.68635316995474 0.017713400033804085 0.02409700246957632 
