0 0.44974055657019985 0.8264048282916729 0.02213456080510066 0.021700125474196214 
0 0.36845335593590367 0.8484478363623986 0.021866284883939303 0.02044215569129357 
0 0.31883445152869594 0.8805712919968826 0.032857454740084134 0.03367159916804387 
0 0.37029510277968186 0.8691188372098483 0.027303805718055137 0.024048585158128005 
0 0.8459464219900278 0.6802573937636155 0.015739954434908353 0.019078841576209433 
0 0.3794728609231802 0.8038338514474722 0.02335984890277569 0.0219727296095628 
0 0.7414593329796424 0.7259092697730432 0.017733940711388223 0.03390026092529297 
0 0.781892703129695 0.7169108390808105 0.018458733191856973 0.020882019629845254 
0 0.7547849875230056 0.7282138604384202 0.01616045144888071 0.015577976520244893 
0 0.46397931759174055 0.7968849769005408 0.019263560955341045 0.024655562180739183 
