0 0.28672536519857555 0.8266776158259466 0.02201705712538499 0.023807672353891227 
0 0.20324832659501296 0.8133611679077148 0.021767341173612155 0.022388164813701924 
0 0.1449242692727309 0.8245313350970929 0.032657889219430775 0.03699977581317608 
0 0.19678357931283805 0.8355485109182504 0.027205723982590895 0.026276295001690205 
0 0.7088825152470515 0.85156983595628 0.015593675466684194 0.021076495830829326 
0 0.23099479308495155 0.7721343774061936 0.023251790266770583 0.024069932790902946 
0 0.5947452325087327 0.8523554801940918 0.01735533200777494 0.03784817915696364 
0 0.6354918113121619 0.8610117618854229 0.018312894381009616 0.023020597604604866 
0 0.6060938835144043 0.860656554882343 0.01607931577242338 0.017080380366398737 
0 0.3114754053262564 0.8024847690875714 0.019061932196983926 0.027279120225172777 
