0 0.45469366587125337 0.7916936507591834 0.020409253927377555 0.020793841435359076 
0 0.37312793731689453 0.7847860776461087 0.020248046288123496 0.01948209909292368 
0 0.3173010532672589 0.7986551798306979 0.030169927156888522 0.03242177229661208 
0 0.36812870319073016 0.805452456841102 0.025411165677584134 0.022753128638634317 
0 0.8647761344909668 0.787863511305589 0.014197056110088643 0.018672796396108773 
0 0.3976485545818622 0.7453953669621394 0.021619429955115683 0.020955745990459736 
0 0.7543298647953913 0.7957617319547213 0.014921114994929386 0.034253560579740085 
0 0.7942658937894381 0.801102454845722 0.01677865248460036 0.02030834784874549 
0 0.7657870145944449 0.8026276735159067 0.014923755939190205 0.014899107126089243 
0 0.4772801582629864 0.7680454987746018 0.01726220204279973 0.024244015033428486 
