0 0.5795670656057504 0.8519374774052546 0.10123656346247746 0.06453374715951773 
0 0.45566575343792254 0.40204317753131574 0.036730289459228516 0.027851214775672324 
0 0.68379728610699 0.42461257714491624 0.02657310779278095 0.021117613865778997 
0 0.7086951916034405 0.4259108029879056 0.024197505070612982 0.023596836970402643 
0 0.6990105188809909 0.4483780494103065 0.03656277289757362 0.026450230525090143 
0 0.5405182104844314 0.5368756514329177 0.048745302053598255 0.038949159475473255 
0 0.3339054584503174 0.6367866809551532 0.043674285595233626 0.030059080857496995 
0 0.6671099295982947 0.6184263596167932 0.04650717515211839 0.06492255284236027 
0 0.42618769865769607 0.6613221902113694 0.06531370603121243 0.0657807130080003 
0 0.360768409875723 0.6890047880319449 0.06261821893545297 0.05441144796518179 
