0 0.4038408719576322 0.7869394375727727 0.09563402029184195 0.06312847137451172 
0 0.5106894052945651 0.3185792244397677 0.03458089094895583 0.027517923941979043 
0 0.2933422602139987 0.3505403628716102 0.02499250265268179 0.02091499475332407 
0 0.2695916249201848 0.3528280258178711 0.022643309373121995 0.023586126474233773 
0 0.2794178082392766 0.3756119654728816 0.034456619849571817 0.026067733764648438 
0 0.4330827272855319 0.46076624210064226 0.04584041008582482 0.03858588292048527 
0 0.6330070862403283 0.5558468745304987 0.0411989505474384 0.0295410889845628 
0 0.314241152543288 0.5496365107022799 0.04300491626446064 0.06568065056434044 
0 0.5454814067253699 0.5846519470214844 0.06106372979971079 0.06583492572490986 
0 0.6086818805107703 0.6106844315162072 0.05877139018132137 0.054119036747859076 
