0 0.44394949766305775 0.9229507446289062 0.09048803036029522 0.05985861558180589 
0 0.425046077141395 0.4723930542285626 0.03277169741117037 0.026039527012751654 
0 0.6206031212439904 0.5391760606032151 0.023696312537560098 0.01978169954740084 
0 0.6421782420231745 0.5453618673177866 0.021520174466646634 0.02226679141704853 
0 0.6292031728304349 0.5647023090949426 0.0326392100407527 0.024679954235370342 
0 0.4725588835202731 0.6169246343465952 0.04346550427950346 0.03649319135225736 
0 0.27143853444319505 0.6703712756817157 0.03900786546560434 0.0279843257023738 
0 0.5673043727874756 0.719326899601863 0.04110156572782076 0.06185722351074219 
0 0.34747055860666126 0.7119698157677283 0.0580589954669659 0.06213643000676082 
0 0.2845786993320172 0.72515135544997 0.055777678122887246 0.05114261920635517 
