0 0.4661569045140193 0.8756322860717773 0.09463203870333158 0.05800496614896334 
0 0.43259356572077823 0.42954516410827637 0.034139193021334134 0.02534173085139348 
0 0.6419300666222205 0.4925487224872296 0.024656002338115986 0.019271483788123496 
0 0.6649899482727051 0.49832846568180966 0.022260005657489482 0.02177729973426232 
0 0.6518140205970178 0.5176999202141395 0.03403942401592548 0.023992648491492637 
0 0.4873048158792349 0.5719724435072678 0.04521938470693735 0.03555591289813702 
0 0.27567824033590466 0.6281771843249981 0.040727633696336016 0.027172125302828275 
0 0.5908284737513616 0.6718960908743051 0.041923853067251354 0.060805174020620495 
0 0.35753684777479905 0.6681617590097281 0.059992313385009766 0.06080334003155048 
0 0.29125364927145153 0.6822383953974798 0.05789652237525353 0.04991362645075871 
