0 0.5849255231710581 0.6686392930837778 0.08516894854032077 0.046949019798865683 
0 0.535337338080773 0.2840587359208327 0.030537972083458535 0.02078096683208759 
0 0.730517680828388 0.3308082727285532 0.022014031043419473 0.015851974487304688 
0 0.7519695208622859 0.33495429845956654 0.019689046419583835 0.01812267303466797 
0 0.7406637852008526 0.35219605152423566 0.030502832852877103 0.01961036828848032 
0 0.5916342735290527 0.40522091205303484 0.04036492567795973 0.02925704075739934 
0 0.3993497445033147 0.46165961485642654 0.03656126902653621 0.022127738365760215 
0 0.6910427533663236 0.48781626041118914 0.036242118248572715 0.051357342646672174 
0 0.47631678214439976 0.49321480897756725 0.05297367389385517 0.05068005048311674 
0 0.4159436776087834 0.5078412569486178 0.05149492850670448 0.041280086223895736 
