0 0.32464688557844895 0.47257421566889835 0.05548541362469013 0.033332567948561445 
0 0.12047241284297062 0.4977909785050612 0.043060669532189004 0.022381379054142878 
0 0.2599493723649245 0.5067797807546762 0.04768448609572191 0.025159102219801683 
0 0.0550382504096398 0.502719182234544 0.024778503638047438 0.01924441410945012 
0 0.6953222935016339 0.5248824082888089 0.041578512925368086 0.023670453291672926 
0 0.766578380878155 0.5294167078458346 0.02936686002291166 0.020693118755634014 
0 0.3750382936917819 0.5191166951106145 0.03713226318359375 0.02753763932448167 
0 0.7316027054419885 0.5311564482175387 0.029686340918907754 0.0326539186330942 
0 0.6221581605764536 0.5349268913269043 0.029544316805326022 0.027338027954101562 
0 0.4505277230189397 0.5357315540313721 0.04602487270648663 0.019803377298208382 
0 0.5682613666240985 0.5627670471484845 0.024600982666015625 0.012599541590763973 
0 0.5968384742736816 0.6300141994769757 0.041400982783390924 0.017025580772986777 
0 0.5195387510152963 0.6811770659226638 0.07369661331176758 0.033811715932992786 
