0 0.30637914400834304 0.42842751282912034 0.04988763882563664 0.0386354739849384 
0 0.13524955969590408 0.4309377120091365 0.038216040684626654 0.02657629893376277 
0 0.2483964699965257 0.45499313794649565 0.042373363788311295 0.02979594010573167 
0 0.08085748782524696 0.42864238298856294 0.022904102618877705 0.02151313194861779 
0 0.6030074633084811 0.5202947763296274 0.03719623272235577 0.027674014751727764 
0 0.6608202640826886 0.532527336707482 0.02684189723088191 0.023430237403282754 
0 0.34105423780588 0.4796788142277644 0.03413666211641752 0.030967198885404147 
0 0.6318749281076285 0.5304211653195895 0.02881776369535006 0.03515320557814378 
0 0.541540109194242 0.5221854723416842 0.027939649728628304 0.029943026029146634 
0 0.40060940155616176 0.504248857498169 0.040255803328294024 0.024380940657395583 
0 0.4933310105250432 0.543672249867366 0.02180638680091271 0.015000380002535306 
0 0.5071417001577524 0.6128965891324557 0.036098480224609375 0.021161226125863884 
0 0.43638964799734264 0.6547566927396334 0.06476046488835262 0.04109353285569411 
