0 0.5876014599433312 0.3802498670724722 0.04702336971576397 0.033420709463266224 
0 0.7594103079575759 0.40491195825430065 0.03644422384408804 0.022455362173227165 
0 0.6424135061410757 0.4142416257124681 0.04036287161020132 0.025240347935603216 
0 0.8144273391136756 0.4096669417161208 0.02106131040132963 0.019276839036207933 
0 0.27707097163567174 0.4334228038787842 0.03521895408630371 0.023738530965951774 
0 0.21729879195873553 0.43813133239746094 0.02493126575763409 0.02073493370643029 
0 0.5459434986114502 0.42685272143437314 0.03154325485229492 0.027588294102595404 
0 0.24669373952425444 0.43977981347304124 0.025368507091815654 0.03267754041231596 
0 0.3386514370258038 0.4432670703301063 0.02517414093017578 0.02736968260544997 
0 0.4827870955834022 0.44363495019766 0.0388946533203125 0.019888877868652344 
0 0.38430386323195237 0.4709300444676326 0.020818270169771634 0.01264201677762545 
0 0.36125667278583234 0.5381520711458646 0.03497607891376202 0.017103855426494893 
0 0.42689085006713867 0.5890444975632888 0.06230919177715595 0.03394530369685246 
