0 0.4061221709618202 0.49163185633145845 0.05098907764141376 0.03960899206308218 
0 0.23579110549046442 0.5452034106621375 0.03919621614309458 0.02703369580782377 
0 0.35616363011873686 0.5364273878244253 0.04344525704017052 0.0303343992966872 
0 0.18072018256554237 0.5590257828052227 0.023239319141094502 0.02232071069570688 
0 0.730377930861253 0.4984681789691632 0.03806862464317909 0.028291775630070612 
0 0.7918650920574481 0.49392322393564075 0.027315213130070612 0.02420645493727464 
0 0.4562420661632831 0.5344069921053373 0.034685758443979114 0.032065978417029746 
0 0.7622917248652532 0.5003622495211087 0.02887439727783203 0.0369414549607497 
0 0.6694956926199106 0.5187350603250357 0.02818144284761869 0.03128143457266001 
0 0.5231910302088811 0.54212630712069 0.04145141748281626 0.02451746280376728 
0 0.6277769528902494 0.5553571627690241 0.022373052743765023 0.015245657700758714 
0 0.6624567692096417 0.6229691322033222 0.03720232156606821 0.021216722635122445 
0 0.6043435426858755 0.6874150496262771 0.06659951576819786 0.04149202200082632 
