0 0.5985611218672532 0.5151805144089919 0.051611130054180436 0.033063228313739486 
0 0.7895497908959022 0.5436634283799392 0.04009694319504958 0.022118201622596152 
0 0.6587573198171762 0.5508085947770339 0.044397867642916165 0.02487347676203801 
0 0.8507970296419584 0.5495917613689716 0.022994481600247897 0.019191888662484977 
0 0.2506153125029344 0.5630092620849609 0.038691502351027265 0.02344828385573167 
0 0.18379667172065148 0.5666008179004376 0.027278625048123874 0.02059800808246319 
0 0.5507736756251409 0.5616970062255859 0.03447499642005333 0.02743867727426382 
0 0.2165453709088839 0.5688619430248554 0.02743051602290227 0.032740189478947565 
0 0.3190420132416945 0.5742390522590051 0.027362988545344427 0.0273436399606558 
0 0.47983978344843936 0.5774877254779522 0.042908044961782604 0.01945796379676232 
0 0.3691970201639029 0.6032545566558838 0.022910154782808743 0.012446220104510967 
0 0.34159308213454026 0.6710909696725699 0.038607083834134616 0.016702725337101862 
0 0.41338775708125186 0.7241056148822491 0.0686798462500939 0.03329130319448618 
