0 0.022591276524158623 0.5674616373502291 0.03787507976476963 0.02393964620736929 
0 0.4060911215268649 0.6220746407142053 0.02673930388230544 0.03560433020958534 
0 0.438780821286715 0.6286028715280386 0.04101269061748798 0.03988508077768179 
0 0.8195627285883977 0.6735522930438702 0.02279949188232422 0.023458040677584134 
0 0.0009468326774927286 0.5777456210209773 0.0018936653549854572 0.025972953209510215 
0 0.022329855423707228 0.5872060702397273 0.044659710847414456 0.03171979464017428 
0 0.0786661093051617 0.6047785465533917 0.06891298294067383 0.05356194422795223 
0 0.6709495324354905 0.6786986864530123 0.20914554595947266 0.14928847092848557 
0 0.22276417108682486 0.6378046365884634 0.05129885673522949 0.052780554844782904 
0 0.532155440403865 0.6769961210397574 0.02357798356276292 0.030039493854229268 
0 0.14487141829270583 0.6326137689443735 0.045443278092604414 0.045599717360276446 
0 0.4159679046043983 0.7126636871924767 0.05401684687687801 0.04401595775897686 
0 0.26953442280109113 0.6993819016676682 0.05940529016348032 0.047247813298152044 
0 0.9310999650221604 0.8295286985544058 0.027876633864182692 0.024057314946101263 
