0 0.6348428359398475 0.46744768436138445 0.028610889728252705 0.037356083209698014 
0 0.6003359647897574 0.47530328310452974 0.04371929168701172 0.04223911578838642 
0 0.19805026054382324 0.5347550282111535 0.024318438309889574 0.024795715625469502 
0 0.9721672350110916 0.4383405538705679 0.05566552940469522 0.057213196387657754 
0 0.3553019486940824 0.5349416732788086 0.22234502205481896 0.16007005251370943 
0 0.8289277003361628 0.47734907957223743 0.05471655038686899 0.05579035098736103 
0 0.502093241764949 0.52840623488793 0.025213168217585638 0.031553451831524186 
0 0.9112626956059382 0.469315217091487 0.048458026005671576 0.04823989134568434 
0 0.6253772882314829 0.5611729255089393 0.05748660747821514 0.04692393082838792 
0 0.7801236739525428 0.5424377918243408 0.06320843329796424 0.05041969739473783 
0 0.08176178427842948 0.6993872569157527 0.029682264878199652 0.025588402381310098 
