0 0.6547748492314265 0.4826492713047908 0.02758444272554838 0.03434052834144005 
0 0.6205582435314472 0.48920315962571365 0.042481018946721 0.03856945037841797 
0 0.2223439675111037 0.5357015683100774 0.02360070668734037 0.022672286400428183 
0 0.9805891328992752 0.4631629540370061 0.03882173362832803 0.051920560690072864 
0 0.37750305579258847 0.5393315828763522 0.21726500071012056 0.14486841055063102 
0 0.8460701062129095 0.49613162187429577 0.053101686330942005 0.051012589381291315 
0 0.5224845225994403 0.5364744113041804 0.024339015667255107 0.02898238255427434 
0 0.9274833385760968 0.4904630367572491 0.04705370389498197 0.0440824948824369 
0 0.6434301963219275 0.5696847072014442 0.05605008051945613 0.04264351037832407 
0 0.7965219937838041 0.555646382845365 0.06165504455566406 0.04578751784104567 
0 0.10407857711498554 0.6863924540006198 0.028910215084369365 0.023292174706092246 
