0 0.05811495735095097 0.6998457908630371 0.043226228310511663 0.027660296513484076 
0 0.48313384789686936 0.6262363837315486 0.032015250279353216 0.038253527421217695 
0 0.5199893071101263 0.6217854206378644 0.047925508939302884 0.0439307139470027 
0 0.9388924745412973 0.5396658457242526 0.026745356046236478 0.025708638704740085 
0 0.022044978032891568 0.7221738741948054 0.03819134000402231 0.029231511629544772 
0 0.062243564770771906 0.7198416269742526 0.05577318026469304 0.036515382620004505 
0 0.13007365740262544 0.7176406566913311 0.07945060729980469 0.06034352229191707 
0 0.7829919594984788 0.5938069453606238 0.24006366729736328 0.16985420080331656 
0 0.293956105525677 0.702158157642071 0.06017705110403208 0.05784423534686749 
0 0.6352144754849948 0.6380336101238544 0.028121581444373496 0.032373795142540567 
0 0.20960483184227577 0.7228549443758451 0.053215430333064154 0.05008411407470703 
0 0.5239164645855243 0.7111712969266452 0.062439331641564004 0.049334159264197715 
0 0.3641626284672664 0.7466497054466834 0.06857527219332181 0.053095230689415567 
