0 0.9113316902747521 0.4716975688934326 0.04146487896259014 0.02565629665668194 
0 0.49794429999131423 0.5373457211714524 0.029859506166898288 0.03745346802931566 
0 0.46276402473449707 0.544888789837177 0.04533727352435772 0.04221952878511869 
0 0.052023809689741865 0.6004276825831487 0.02524384168478159 0.024799603682297926 
0 0.9519620675307053 0.48152723679175746 0.03640548999492939 0.027645441202016976 
0 0.9144607323866624 0.4921702054830698 0.053460854750413164 0.033961552840012774 
0 0.8517802678621732 0.5117900554950421 0.07575776026799129 0.057025982783390924 
0 0.21302051727588361 0.602340056346013 0.22950361325190619 0.1593496982867901 
0 0.696833060337947 0.5494580819056585 0.056798568138709433 0.055799007415771484 
0 0.3631816277137169 0.5973594005291278 0.026286858778733473 0.03162376697246845 
0 0.7809761487520658 0.5422597298255334 0.05027903043306791 0.04823427933913011 
0 0.490014699789194 0.6317523075984075 0.059445821321927585 0.046800466684194714 
0 0.6480908760657678 0.614556936117319 0.0653394552377554 0.05027074080247145 
