0 0.9243312248816857 0.3690785628098708 0.03370593144343449 0.03247811244084285 
0 0.1930449650837825 0.4767419925102821 0.05276850553659292 0.03922884280865009 
0 0.6827253928551307 0.42802111919109637 0.024051812978891227 0.023022981790395882 
0 0.7247642370370718 0.43131784292367786 0.06700794513408954 0.03093741490290715 
0 0.8227493579571064 0.42406190358675444 0.028131631704477165 0.02221536636352539 
0 0.6102073742793157 0.4539347978738638 0.0644226807814378 0.0428154651935284 
0 0.35262227058410645 0.5007549616006705 0.08407024236825797 0.04355676357562725 
0 0.4426140051621657 0.4980340554164006 0.057433128356933594 0.03241183207585262 
0 0.8019167459928073 0.48223018646240234 0.06933278303879958 0.04815805875338041 
0 0.12698808083167443 0.593012314576369 0.07898664474487305 0.057613336122952975 
0 0.8770614403944749 0.5607667702894944 0.07899423745962289 0.03698415022629958 
