0 0.7918115028968225 0.3736899816072904 0.03142356872558594 0.032701345590444714 
0 0.022119762805792 0.4083294685070331 0.044239525611584 0.03821288622342623 
0 0.5329976448645959 0.41056124980633074 0.02244406480055589 0.02316427230834961 
0 0.5760363432077261 0.41888976097106934 0.06705056704007663 0.027428590334378757 
0 0.6785503534170297 0.4220486604250394 0.026892735407902643 0.021826707399808444 
0 0.45410473530109113 0.4305730783022367 0.0626835089463454 0.04097832166231596 
0 0.18053110746236947 0.4524537600003756 0.08347802895766038 0.03971173213078426 
0 0.27410204593951887 0.4596446660848764 0.05666692440326397 0.030097191150371846 
0 0.648421966112577 0.4829807464893048 0.06717780920175406 0.046425269200251654 
0 0.7146637989924505 0.5768980246323806 0.07897465045635517 0.032907852759728067 
