0 0.3251363497513991 0.2835466403227586 0.032601539905254655 0.035660358575674206 
0 0.9796004293916317 0.43835933391864484 0.04079914064361499 0.04377423799954928 
0 0.5412684403933011 0.3593072524437538 0.02325289066021259 0.02528799497164213 
0 0.5027075730837308 0.3603970821087177 0.06238009379460262 0.03599995833176833 
0 0.41388122852032 0.34720428173358625 0.026856128986065205 0.02468740023099459 
0 0.6055615315070519 0.3907053837409386 0.060918991382305436 0.04817394109872671 
0 0.8371161680955154 0.45460548767676723 0.07860711904672477 0.050086644979623646 
0 0.7552583767817571 0.4466412801008958 0.053893089294433594 0.0369725227355957 
0 0.42877932695242077 0.4096407156724196 0.06571230521568885 0.05400305527907152 
0 0.9994048704035007 0.5645444026360145 0.0011902586198770083 0.06437547390277569 
0 0.3547364381643442 0.4880887728471022 0.07357568007249099 0.04297150098360502 
