0 0.09677994709748489 0.47136983504662144 0.031542035249563366 0.037224219395564154 
0 0.7748957047095666 0.41947256601773775 0.049094787010779746 0.045091445629413314 
0 0.3270741609426645 0.4800467307750995 0.022504072922926683 0.026389011969933145 
0 0.2906304964652428 0.4935106864342323 0.061877745848435625 0.03583460587721605 
0 0.2016885647406945 0.5083861717810998 0.026205136225773737 0.025516436650202826 
0 0.39839739065903884 0.4917353850144606 0.05981250909658579 0.049287575941819414 
0 0.6396350860595703 0.48328553713285005 0.07775071951059195 0.05034079918494591 
0 0.5590040867145245 0.5013040762681228 0.05318135481614333 0.03740479395939754 
0 0.23575317859649658 0.5677868402921237 0.0644223690032959 0.0554041495689979 
0 0.8646641511183518 0.5325020643380972 0.07346035883976863 0.0662393569946289 
0 0.19005160148327166 0.6721148124107947 0.07295907460726224 0.04282643244816707 
