0 0.15350968562639677 0.33353185653686523 0.03482203300182636 0.03432625990647536 
0 0.876057661496676 0.47458621171804577 0.053940919729379505 0.04198386118962215 
0 0.39110249739426833 0.40405455002417934 0.024840795076810397 0.024339932661790114 
0 0.3491088793827937 0.40565428367027867 0.06756254342886117 0.03421101203331581 
0 0.25194912690382737 0.3940924864548903 0.028821138235238884 0.023699540358323317 
0 0.4620198103097769 0.4336369037628174 0.06560281606820914 0.04611840614905724 
0 0.7160983085632324 0.492427239051232 0.08500077174260066 0.04772039560171274 
0 0.6266746887793908 0.485844245323768 0.05820032266470102 0.03528785705566406 
0 0.2698780940129207 0.45450463661780727 0.07070570725661057 0.05173756526066707 
0 0.9361918889559232 0.5963721458728497 0.08068693601168118 0.06172389250535231 
0 0.19131440841234648 0.5317120185265174 0.0796733911220844 0.04084939223069411 
