0 0.25714294727032 0.7019102389995868 0.02815719751211313 0.030777564415564902 
0 0.18057080415578988 0.6859228427593524 0.03105339637169471 0.02929966266338642 
0 0.1801678675871629 0.7139443250802847 0.03582376700181227 0.037779808044433594 
0 0.21654885548811692 0.7305115553048941 0.01514737422649677 0.024517279404860277 
0 0.2817061956112201 0.7712094967181866 0.010438937407273512 0.012533041147085337 
0 0.26894400669978213 0.787072071662316 0.008828163146972656 0.010874308072603665 
0 0.2883192209097055 0.806968982403095 0.010377003596379207 0.016037134023813102 
0 0.36179370146531326 0.8332820305457482 0.020939753605769232 0.021561695979191706 
0 0.2713753626896785 0.8145386622502253 0.03653625341562124 0.043865350576547474 
0 0.17284135635082537 0.7961693176856408 0.029256912378164437 0.03815379509559044 
0 0.29383254051208496 0.8508406052222619 0.009215354919433594 0.012164996220515324 
0 0.21842202773460975 0.8309810344989483 0.009215391599214993 0.012165069580078125 
0 0.329439089848445 0.8699893217820388 0.008828163146972656 0.010874381432166466 
0 0.2136978552891658 0.8689603438744178 0.010438919067382812 0.012532967787522536 
0 0.3499601804293119 0.9127448522127591 0.00805370624248798 0.008292931776780348 
0 0.24524659376878005 0.8882960539597732 0.052132716545691855 0.06616915189302884 
0 0.3020248688184298 0.9391388526329627 0.01082616585951585 0.013823729294996995 
0 0.2522773009080153 0.9804664391737717 0.010764232048621545 0.01732804225041316 
0 0.34977349868187535 0.9818155947499551 0.06638185794536884 0.03636880992696835 
0 0.5245454678168664 0.2996644973754883 0.014496766603910007 0.014927350557767428 
0 0.5251026887160081 0.3378246013934796 0.012885974003718449 0.013268764202411357 
0 0.5663159443781927 0.3516233700972337 0.016881942749023438 0.019167349888728216 
0 0.5347662155444806 0.443450744335468 0.017656362973726712 0.021748762864332933 
0 0.39839478639455944 0.47561856416555554 0.019716226137601413 0.021193834451528695 
0 0.5097990953005277 0.5133360716012808 0.012762179741492638 0.02027724339411809 
0 0.3662573924431434 0.47158424670879656 0.016107522524320163 0.016585936913123496 
0 0.5266652840834397 0.5282571682563195 0.01637092003455529 0.024885140932523288 
0 0.5120447048774133 0.5280825541569636 0.01082614751962515 0.013823655935434194 
0 0.3993854339306171 0.5434587185199444 0.022039450131929837 0.02893807337834285 
0 0.32564759254455566 0.5269163571871244 0.022550546205960788 0.023220355694110576 
0 0.37115060366117036 0.5842188871823825 0.02589585230900691 0.019529012533334587 
0 0.28813543686499965 0.5719227607433612 0.030155181884765625 0.03372680223905123 
0 0.3093838141514705 0.6922891690180852 0.03009322973398062 0.0372309317955604 
