0 0.2017415211750911 0.7029896149268517 0.024323738538301908 0.026448689974271335 
0 0.1224699799831097 0.7018308272728553 0.027937678190378044 0.02425846686730018 
0 0.1276697929088886 0.7281964375422552 0.03127648280217098 0.03219296382023738 
0 0.16712624293107253 0.7371649742126465 0.011178805277897762 0.022646463834322415 
0 0.2399953053547786 0.7635734631465032 0.008748879799476037 0.010992710406963643 
0 0.23048589779780462 0.7807645797729492 0.007332985217754657 0.009587654700646034 
0 0.2537121039170485 0.7959314493032602 0.00784000983605018 0.014711966881385216 
0 0.3319696279672476 0.8073390080378606 0.01840664790226863 0.01826623769906851 
0 0.23839074831742507 0.8060971406789926 0.030621106808002178 0.03847437638502855 
0 0.13682351204065177 0.806673526763916 0.023795118698706992 0.0340111805842473 
0 0.2679575589986948 0.8361000281113845 0.007459750542273888 0.01086873274583083 
0 0.18906626334557167 0.8310978962824895 0.007459750542273888 0.010868659386268029 
0 0.3071605058816763 0.847630684192364 0.007332985217754657 0.009587581341083232 
0 0.19196290236253005 0.867588263291579 0.008748898139366737 0.010992637047400841 
0 0.33609349911029524 0.8840389251708984 0.007079491248497596 0.0070253518911508415 
0 0.22717167780949518 0.8800279910747821 0.04283552903395433 0.05868266179011418 
0 0.29374338113344634 0.9174701984112079 0.008875645123995267 0.012273788452148438 
0 0.25257725899036115 0.96524139551016 0.007966756820678711 0.015993044926570013 
0 0.35558199882507324 0.9666700361726376 0.05194300871628981 0.06665992708160327 
0 0.43474841117858887 0.9918175110450158 0.011580650623028096 0.013802821819598857 
0 0.3870234856238732 0.2772187636448787 0.012743069575383114 0.012645794795109676 
0 0.3952034620138315 0.31292404578282285 0.011327119973989634 0.011240684069119967 
0 0.4389076049511249 0.31842127213111293 0.014412476466252254 0.016613043271578275 
0 0.42591397578899676 0.41028719681959885 0.014666007115290714 0.019175162682166465 
0 0.29685417505411 0.4651231032151442 0.01711751864506648 0.018142113318810098 
0 0.4150751554048978 0.4803747213803805 0.00950938004713792 0.018679141998291016 
0 0.2641185705478375 0.4671473503112793 0.014158964157104492 0.014050850501427284 
0 0.4348141780266395 0.49132638711195725 0.01246793453509991 0.022770404815673828 
0 0.420253350184514 0.4938055918766902 0.008875626784104567 0.012273788452148438 
0 0.3113963512273935 0.5285991338583139 0.017878000552837666 0.02582854491013747 
0 0.23482984762925369 0.5264072051415076 0.01982256082388071 0.019671220045823317 
0 0.29149027971120983 0.5719490051269531 0.02447208991417518 0.015042891869178185 
0 0.20655515560737023 0.5754184172703669 0.025866380104651816 0.029134787045992337 
0 0.25172140965094936 0.6845183372497559 0.02495752848111666 0.03285400684063251 
