0 0.08451399436363807 0.7337351945730356 0.02468105462881235 0.025516583369328424 
0 0.008018792248689212 0.7337868030254657 0.016037584497378424 0.023318070631760817 
0 0.011958149763254019 0.7594359104449933 0.023916299526508037 0.03103322249192458 
0 0.049469901965214655 0.76759855563824 0.011007134730999287 0.021995177635779746 
0 0.1263311138519874 0.7922800504244291 0.008830024645878719 0.010625985952524038 
0 0.11694898972144493 0.809196398808406 0.007389031923734224 0.009272355299729567 
0 0.14165967244368333 0.8236492963937613 0.0077570951901949365 0.014280099135178786 
0 0.2236719956764808 0.8336130655728854 0.01873304293705867 0.01759800544151893 
0 0.1259926832639254 0.8337971247159518 0.030905118355384238 0.037191024193396933 
0 0.0200354247712172 0.8358744841355544 0.023884127346368935 0.03292641272911659 
0 0.15778515889094427 0.8626318344703088 0.007481024815486028 0.010524236238919772 
0 0.0753127932548523 0.8589277267456055 0.007481052325322078 0.010524309598482572 
0 0.19905175612523004 0.8732982782217172 0.007389050263624925 0.009272355299729567 
0 0.0794814068537492 0.8944904620830829 0.008830020060906043 0.010625985952524038 
0 0.2303841939339271 0.9083925760709323 0.007204991120558519 0.006768520061786358 
0 0.11660903233748215 0.9061035743126502 0.04307721211360051 0.05678411630483774 
0 0.1872461484028743 0.9416453654949481 0.008922045047466572 0.011878013610839844 
0 0.14579397898453933 0.9888727848346417 0.00784908808194674 0.01553205343393179 
0 0.25362110137939453 0.9782373353552359 0.05175440128032978 0.04352532871640646 
0 0.264462947845459 0.3155194429250864 0.012969053708589993 0.012183262751652645 
0 0.2741195238553561 0.3502373511974628 0.01152801513671875 0.010829595419076772 
0 0.31989314005925107 0.3549494743347168 0.014594078063964844 0.016040802001953125 
0 0.3092213227198674 0.4447827889369084 0.01477810052724985 0.018544673919677734 
0 0.17628269929152268 0.5002147601200984 0.01738401559682993 0.017496255727914665 
0 0.30011369631840634 0.5133333756373479 0.009382101205679087 0.018137601705697868 
0 0.14218993370349592 0.50267821091872 0.014410018920898438 0.013536966764009915 
0 0.32105343158428484 0.5237251978654128 0.012356171241173377 0.022096890669602614 
0 0.305938509794382 0.5263614837939923 0.008922045047466572 0.011877903571495643 
0 0.1934499557201679 0.561935516504141 0.017936119666466348 0.02500779812152569 
0 0.11349153977174026 0.5609387617844802 0.02017401731931246 0.0189517094538762 
0 0.1740416746873122 0.6045316732846774 0.025201944204477165 0.014351147871751051 
0 0.08552925403301533 0.6091839350186862 0.026214067752544697 0.028122315040001504 
0 0.136082818874946 0.714966003711407 0.025141119956970215 0.03177635486309345 
