0 0.7727879010714017 0.779591963841365 0.023941186758188102 0.025147438049316406 
0 0.8542702748225286 0.7809516466580905 0.027791243333082933 0.022884955772986777 
0 0.8476906556349534 0.8064673130328839 0.030871464655949518 0.03055565173809345 
0 0.8067396604097806 0.8139636333172138 0.010500834538386418 0.021840975834773138 
0 0.7306481141310471 0.8373968784625714 0.00854037358210637 0.010495332571176382 
0 0.7396087646484375 0.8544386716989371 0.0071403796856219955 0.009163416348970853 
0 0.7150384462796725 0.8684814159686749 0.0074206132155198315 0.014170133150540866 
0 0.6341162828298715 0.877135313474215 0.01820087432861328 0.017316011282113884 
0 0.7302990693312424 0.8788632979759803 0.0298916743351863 0.036733847398024336 
0 0.8346022092379056 0.8826127419104943 0.02303138146033654 0.032577221210186295 
0 0.698518863091102 0.9071564674377441 0.007210438068096454 0.010415077209472656 
0 0.7797911350543683 0.90476105763362 0.007210438068096454 0.010415077209472656 
0 0.6577079479510968 0.9171561461228591 0.0071403796856219955 0.009163342989408053 
0 0.7751018450810359 0.9402099389296311 0.00854044694166917 0.010495332571176382 
0 0.6262778869042029 0.9517078399658203 0.007000336280235877 0.0066600212684044474 
0 0.738351088303786 0.9512203656710111 0.04158240098219652 0.05615161015437199 
0 0.6682098828829252 0.9855976104736328 0.00861050532414363 0.011747066791240986 
0 0.6019193392533523 0.9998367748294885 0.04970326790442833 0.00032644976790134725 
0 0.6024629152738131 0.3590959585629977 0.01260060530442458 0.011988016275259165 
0 0.5923834580641526 0.39361438384422887 0.011200538048377404 0.010655953333928036 
0 0.547232279410729 0.3975965609917274 0.014140752645639272 0.0158234009375939 
0 0.5562647122603196 0.4874773392310509 0.01428072269146259 0.018326759338378906 
0 0.6862598199110764 0.5449359967158391 0.016870865455040567 0.017235682560847357 
0 0.5641065927652212 0.5560794243445764 0.008960687197171725 0.018005517812875602 
0 0.7197907887972318 0.5479350640223577 0.014000745920034556 0.013319932497464694 
0 0.5433162359090952 0.5661261998690091 0.011830880091740536 0.021921231196476862 
0 0.5581567470843976 0.5689978966346154 0.00861043196458083 0.011747066791240986 
0 0.6683407930227426 0.6063021146334134 0.01729106903076172 0.024745794442983773 
0 0.7470930172846868 0.6065706473130447 0.01960101494422326 0.01864792750431941 
0 0.6867522826561561 0.6491475472083459 0.024640963627741888 0.013962525587815505 
0 0.7738348887516902 0.6551927419809195 0.025411312396709736 0.02773108849158654 
0 0.7223159716679499 0.760032947246845 0.024291331951434795 0.03140581571138822 
