0 0.17661511898040771 0.667934197645921 0.022601989599374626 0.027425472552959736 
0 0.10040524372687706 0.6705307960510254 0.02617614085857685 0.02487659454345703 
0 0.10631470955335177 0.6985602745643029 0.029126689984248236 0.03329951946551983 
0 0.14453787528551543 0.70626922754141 0.010017202450678898 0.02395915985107422 
0 0.2154702406663161 0.7310669605548565 0.008077364701491136 0.011465879587026743 
0 0.20692830819350022 0.7499677584721491 0.006756965930645282 0.010014974153958835 
0 0.22977098134847787 0.7651116664593036 0.007066671664898212 0.015536161569448618 
0 0.30536142679361195 0.773557552924523 0.017165459119356595 0.01886140383206881 
0 0.2154012001477755 0.7767581206101638 0.028270849814781777 0.0401304685152494 
0 0.11782811696712787 0.7822958872868464 0.021823580448444072 0.03563675513634315 
0 0.24485014035151556 0.8075087987459623 0.00683439694918119 0.01139530768761268 
0 0.16887255815359262 0.8059644332298865 0.00683439694918119 0.01139530768761268 
0 0.28291845321655273 0.8179783821105957 0.006756965930645282 0.010014974153958835 
0 0.1729196126644428 0.8449657880342923 0.008077383041381836 0.011465806227463942 
0 0.31198028417734 0.8556305445157565 0.006602140573354868 0.007254453805776743 
0 0.2071815270643968 0.856603952554556 0.03937618549053486 0.06139953319842999 
0 0.27244508266448975 0.8935421430147611 0.008154777380136343 0.012846139761117788 
0 0.23454416715181792 0.9467781873849722 0.00714408434354342 0.016916495103102464 
0 0.33390639378474307 0.9538043095515325 0.04721707564133864 0.09073873666616586 
0 0.4105075689462515 0.9664616584777832 0.010718198922964243 0.01436769045316256 
0 0.33990161235515887 0.2022534333742582 0.011883772336519681 0.013057892139141377 
0 0.3489980697631836 0.24015676975250244 0.010563336885892428 0.011607005045964168 
0 0.39118249599750227 0.2439365295263437 0.01335906982421875 0.017269336260282077 
0 0.381878871184129 0.34310659995445836 0.013513895181509165 0.02002994830791767 
0 0.25976816507486195 0.40817790765028733 0.01592249136704665 0.018790795252873346 
0 0.37389150032630336 0.4188115046574519 0.00854191413292518 0.01974766071026142 
0 0.22838356861701378 0.41193477924053484 0.013204189447256235 0.014508760892427884 
0 0.3932374440706693 0.42960280638474685 0.011260179372934194 0.024029658390925482 
0 0.379332212301401 0.4329674243927002 0.008154795720027043 0.01284617644089919 
0 0.2759396663078895 0.47556161880493164 0.016387022458589993 0.027072613055889424 
0 0.2022932217671321 0.4769190274752103 0.018485894569983848 0.02031223590557392 
0 0.2583138209122878 0.5230253292964056 0.023148169884314902 0.015073336087740384 
0 0.17682226804586557 0.5308608091794528 0.023999856068537787 0.03025667483990009 
0 0.2239996103140024 0.6456999411949744 0.02298912635216346 0.034326993502103366 
