0 0.08152697865779583 0.6280667598430927 0.018214056125053994 0.04907556680532602 
0 0.023521196383696336 0.7395910849938025 0.02601414918899536 0.03921655508188101 
0 0.01700728988418212 0.8032631140488845 0.0284198230275741 0.025510714604304388 
0 0.07816851826814505 0.8081174630385178 0.04350519638795119 0.04953127640944261 
0 0.0022512565438564005 0.8502968274630033 0.004502513087712801 0.03928844745342548 
0 0.39516432468707746 0.018337825313210487 0.09107542037963867 0.03163935100803009 
0 0.5068145715273343 0.02910493314266205 0.021834263434776895 0.029141841026452873 
0 0.23127419214982253 0.024140282892263852 0.017607670563917894 0.016566371688475974 
0 0.482761236337515 0.03367462983498207 0.016229922954852764 0.014041680556077223 
0 0.2709743609795204 0.03736331829657921 0.022932125971867487 0.016662295048053447 
0 0.4997625167553241 0.05024099464599903 0.029774262354924128 0.026785032107279852 
0 0.6000408209287204 0.09957715181203988 0.021577725043663613 0.015387956912700947 
0 0.3762506154867319 0.10430033390338604 0.02447308026827299 0.027939466329721305 
0 0.2950060826081496 0.10533802325908954 0.017770932270930365 0.02531884266779973 
0 0.20799396588252142 0.13003646868925828 0.018985418172983024 0.019091046773470365 
0 0.5364756767566388 0.15221504523203924 0.027088715479924128 0.02548671685732328 
0 0.1898732093664316 0.17348701220292312 0.01994164173419659 0.07035547036391038 
0 0.3690154552459717 0.27802733274606556 0.027065387138953574 0.024236348959115837 
0 0.3516409947321965 0.28146658493922305 0.01798079564021184 0.03657199786259578 
0 0.08852548782642071 0.32425517302293044 0.006912121405968299 0.013873760516826924 
0 0.3582050066727858 0.35788198617788464 0.01627654295701247 0.016542361332820013 
0 0.1270828384619493 0.39874544510474574 0.02718200133397029 0.030488124260535605 
0 0.3531387952657846 0.4153262285085825 0.012609738569993239 0.033975381117600664 
0 0.4901268115410438 0.42404833206763637 0.0230254026559683 0.021663702451265775 
0 0.39272234990046573 0.43480100998511684 0.018027452322152946 0.039072660299447864 
0 0.3674078904665433 0.435595677449153 0.016463096325214092 0.026545194479135368 
0 0.1415168963945829 0.48155648891742414 0.03360434678884653 0.01810455322265625 
0 0.3006440676175631 0.5169436931610107 0.027135335482083835 0.02798737012423002 
0 0.019569332639758404 0.5231362856351413 0.03243648576048704 0.026833020723783053 
0 0.571771291586069 0.5443427012516902 0.0487363521869366 0.04462572244497446 
