0 0.0032100677490234375 0.6817235579857459 0.006420135498046875 0.053268065819373496 
0 0.34661336128528303 0.00823525282052847 0.11755050145662747 0.01647050564105694 
0 0.33791677768413836 0.0575219255227309 0.08601716848520133 0.04011461367973915 
0 0.43929167894216686 0.07706563060100262 0.02255083964421199 0.03243312927392813 
0 0.18717719041384184 0.05176234474548927 0.017564938618586615 0.018815402801220234 
0 0.41683583993178147 0.08016575070527884 0.016080599564772386 0.016042970694028415 
0 0.2223834624657264 0.0686804996087001 0.02243672884427584 0.01930436262717614 
0 0.4309374552506667 0.09898116038395809 0.029592110560490534 0.030516367692213792 
0 0.5184394212869498 0.15862508462025568 0.021085555736835185 0.017857010547931377 
0 0.31289229026207555 0.1473647768680866 0.02485355964073768 0.031352492479177624 
0 0.23833126288193923 0.1425584783920875 0.018497393681452826 0.028091109715975247 
0 0.15636754952944243 0.1624401074189406 0.019049296012291543 0.02158783032343938 
0 0.4554681411156288 0.20985924280606782 0.0270230219914363 0.028946766486534707 
0 0.1358720614359929 0.20722953172830436 0.024510768743661735 0.07591696885915902 
0 0.2907228103050819 0.33118711985074556 0.026889801025390625 0.027621672703669622 
0 0.2744899162879357 0.3335733230297382 0.01969627233651968 0.04001701795137846 
0 0.02949302586225363 0.3598462434915396 0.00755499188716595 0.015187300168550931 
0 0.2736720030124371 0.41513789617098296 0.01634698647719163 0.018693153674785908 
0 0.05817218927236704 0.44169435134300816 0.02755584166600154 0.034247214977557845 
0 0.26389068823594314 0.4757258158463698 0.014558058518629808 0.03687781554002028 
0 0.3886729387136606 0.4949418581449069 0.022969539348895732 0.02460472400371845 
0 0.29843092881716216 0.49926944879385143 0.01996273260850173 0.042667242196890026 
0 0.2751567822236281 0.49827205217801607 0.017412644166212816 0.029293940617487982 
0 0.06399591381733234 0.530617878987239 0.032313488996945895 0.021607362307035007 
0 0.20668589151822603 0.5797390571007361 0.027289427243746243 0.031596990732046276 
0 0.45274883050184983 0.6285274212176983 0.0485081672668457 0.05077904921311598 
