0 0.9189221675579364 0.693867353292612 0.01970562568077674 0.05425753960242638 
0 0.9816694626441369 0.8175802964430589 0.02813830742469201 0.04330796461838942 
0 0.9866787835669059 0.8880958923926721 0.026642432293066613 0.028122315040001504 
0 0.9225898889394907 0.8932050191439115 0.047054290771484375 0.05465250748854417 
0 0.5796458170964167 0.01751579030846747 0.09849078838641827 0.034636625267851814 
0 0.45891409653883714 0.028952118295889635 0.023616277254544772 0.03217129294688885 
0 0.7568709300114558 0.024648752350073595 0.019043408907376803 0.018266029082811795 
0 0.4849252700805664 0.034115065748874955 0.017553036029522236 0.015476669256503765 
0 0.7139434814453125 0.03911532920140486 0.024800960834209736 0.018349195902164165 
0 0.4665441329662616 0.0523811005629026 0.03220180364755484 0.029527457860799935 
0 0.35811723195589507 0.10656409080211933 0.023336080404428337 0.016944096638606146 
0 0.6001155559833233 0.11276154334728535 0.026469597449669473 0.03082860433138334 
0 0.6879701614379883 0.1142619802401616 0.019221672644981973 0.027956036420968864 
0 0.7820663452148438 0.14198077183503371 0.02053378178523137 0.021055395786578838 
0 0.4268644773043119 0.16511146838848406 0.029297535236065205 0.028101590963510368 
0 0.8016700744628906 0.19016066422829261 0.021577981802133415 0.0778113053395198 
0 0.6079741624685434 0.305115479689378 0.029272006108210638 0.026717259333683893 
0 0.6267627936143142 0.3089980804003202 0.019450921278733473 0.04041464512164776 
0 0.9112934332627517 0.3575056516207181 0.007477173438439002 0.015331121591421274 
0 0.6196800562051626 0.39356451768141526 0.01760405760544997 0.01824525686410757 
0 0.869614050938533 0.4398024265582745 0.029399358309232272 0.03363873408390926 
0 0.6251699007474459 0.45717947299663836 0.013642384455754207 0.03756295717679537 
0 0.477038548542903 0.4662422033456656 0.024902820587158203 0.023886387164776143 
0 0.5823697860424335 0.47856750855079067 0.019501796135535605 0.04318329004141001 
0 0.6097439802609957 0.47955681727482724 0.017807777111346904 0.02931954310490535 
0 0.8540222461407001 0.5314150406764104 0.03634174053485577 0.019899771763728216 
0 0.6819558510413537 0.569901282970722 0.02934852013221154 0.03087021754338191 
0 0.9841796066612005 0.5779733657836914 0.03164078610447737 0.029569038977989785 
0 0.3887757338010348 0.5990594900571383 0.05271005630493164 0.04919855411236103 
