0 0.14363598823547363 0.8257901851947491 0.019222387900719277 0.05323571425217848 
0 0.09082009700628427 0.949154963860145 0.026976356139549844 0.042686095604529746 
0 0.4295322528252235 0.08793596579478337 0.12785658469566932 0.035087026082552396 
0 0.14982746197627142 0.9966381144924805 0.044865864973801836 0.006723770441917272 
0 0.42885376856877255 0.15150743264418381 0.09280850337101863 0.03532604070810171 
0 0.5425258783193735 0.15737093870456403 0.022583447969876803 0.031751733559828535 
0 0.263147024007944 0.16622226054851824 0.01810447986309345 0.018115813915546123 
0 0.5184040803175706 0.1635436828319843 0.01666883321908804 0.01537154271052434 
0 0.30406665802001953 0.17844711817227876 0.02350308344914363 0.018286851736215446 
0 0.5365085418407733 0.18054775091317984 0.03059537594134991 0.029306778540978067 
0 0.6407162959759052 0.22862704900594857 0.022110498868502103 0.016893331821148213 
0 0.4142749859736516 0.24526608907259428 0.02523972437931941 0.030486510350153997 
0 0.3320319469158466 0.25057597343738264 0.01840547414926382 0.02757118298457219 
0 0.2452071996835562 0.28172143606039196 0.019540126507098857 0.02086010346045861 
0 0.5791312914628249 0.2887196449133066 0.027853048764742337 0.02787049000079815 
0 0.22916654440072867 0.3295540717931894 0.02130299348097581 0.07624143820542556 
0 0.41620250848623425 0.4331506399007944 0.027810096740722656 0.0265197387108436 
0 0.398785976263193 0.4377588675572322 0.018792409163254958 0.03972805463350736 
0 0.13453752719438994 0.497511625289917 0.007221249433664175 0.015072199014516978 
0 0.40950666941129243 0.519898928128756 0.016754847306471605 0.018073081970214844 
0 0.17756400658534124 0.5759239196777344 0.028025058599618766 0.033273550180288464 
0 0.4074355455545279 0.5821623802185059 0.013307828169602614 0.03685547755314754 
0 0.5466651366307185 0.5845119402958796 0.023675148303692158 0.023689930255596455 
0 0.44857019644517165 0.6011410493117112 0.018878459930419922 0.042429557213416465 
0 0.4229697264157809 0.6033042577596811 0.01709883029644306 0.028879055610069863 
0 0.19659764950092024 0.6645613083472619 0.03434335268460787 0.01997969700739934 
0 0.35967430701622594 0.694549927344689 0.0279390628521259 0.030572010920597956 
0 0.07528378642522372 0.7157291999230018 0.03329467314940233 0.029392242431640625 
0 0.6357781520256629 0.7101407051086426 0.05009251374464769 0.04881616739126352 
