0 0.3121342842395489 0.012034578965260433 0.1335018231318547 0.024069157930520866 
0 0.3036146897536058 0.06571099162101746 0.09747468508206882 0.04097223740357619 
0 0.41954983197725737 0.08579574181483342 0.025054051325871393 0.03303212385911208 
0 0.13174622792464036 0.05955400375219492 0.019661976740910456 0.019171898181621846 
0 0.39403502757732684 0.08890581130981445 0.018027415642371543 0.016349150584294245 
0 0.1722358648593609 0.07683705825072068 0.025223383536705606 0.019678986989534818 
0 0.4105222958784837 0.10807771407640897 0.033152030064509466 0.031096779383145846 
0 0.5115493811093844 0.16893597749563363 0.023710947770338792 0.018204212188720703 
0 0.2771148956738986 0.1570742542927082 0.027712693581214316 0.031937663371746354 
0 0.19205899421985334 0.1520371803870568 0.020516707346989557 0.028607845306396484 
0 0.09912170355136578 0.17210481717036322 0.02129652866950402 0.021994664118840143 
0 0.44095219098604643 0.2209412776506864 0.03024915548471304 0.0294952209179218 
0 0.07677343946236831 0.21763642017657941 0.026302800728724554 0.07726221818190354 
0 0.2559713675425603 0.34406456580528844 0.03012706683232234 0.028147183931790866 
0 0.2375304515545185 0.3464604891263522 0.02161565193763146 0.040739793043870196 
0 0.23842422778789812 0.4294485312241774 0.018271629626934346 0.019045096177321214 
0 0.004432886552352171 0.456044655579787 0.008865773104704343 0.03488713044386644 
0 0.22863638401031494 0.4910757358257587 0.015809994477492113 0.0375366944533128 
0 0.3712324912731464 0.5108731709993802 0.025711829845721904 0.025070924025315505 
0 0.2685154859836285 0.5150987551762507 0.02185984758230356 0.04343568361722506 
0 0.24197661876678467 0.5140380859375 0.019248467225294847 0.029829098628117487 
0 0.010178274833239041 0.5465332361368033 0.020356549666478083 0.022041137401874248 
0 0.16579034695258507 0.5967935782212478 0.030493387809166543 0.03219120319073017 
0 0.44722500214209926 0.6469188836904672 0.054326460911677435 0.05174343402569111 
