0 0.5178843278151292 0.39495094005878156 0.04529168055607723 0.04528045654296875 
0 0.6915096594737127 0.4660077645228459 0.029710127757145807 0.037563140575702376 
0 0.658633305476262 0.45765011127178484 0.04425503657414363 0.037780468280498795 
0 0.7747559180626502 0.49741457058833194 0.022974821237417366 0.025729949657733623 
0 0.9170195414469793 0.554831651540903 0.03246017602773813 0.04326813037578876 
0 0.277587890625 0.3387681520902194 0.05489510756272536 0.043805635892427884 
0 0.6218709578880897 0.4581129550933838 0.05318172161395733 0.045600560995248646 
0 0.5726558061746451 0.44996100205641526 0.04178432317880484 0.03693433908315805 
0 0.0059894048250638526 0.24701130390167236 0.011978809650127705 0.06462520819443923 
0 0.21157459112314078 0.3466165615962102 0.08649862729586087 0.08797132051908053 
0 0.3553528602306659 0.3987516439878024 0.09124128635113056 0.0967403925382174 
0 0.41427082281846267 0.4203774195451003 0.0630645385155311 0.04898478434636043 
