0 0.5688204765319824 0.4416243846599872 0.04022422203650841 0.03939613929161659 
0 0.7592228284248939 0.4635353088378906 0.024084733082697943 0.03557095160851112 
0 0.7243951375667865 0.46471652617821324 0.041195961145254284 0.03049494669987605 
0 0.8498729650790875 0.47125704471881574 0.019595971474280723 0.023401150336632363 
0 0.996429437198318 0.48836862123929536 0.007141125030242479 0.04162098811222957 
0 0.3154406180748573 0.45538629018343413 0.05199593764085036 0.0340418082017165 
0 0.6878089446287888 0.47629409569960374 0.04944726137014536 0.03689292760995718 
0 0.6367207307081956 0.48262086281409633 0.03852624159592848 0.03035574692946214 
0 0.013083531306340145 0.4517955046433669 0.02616706261268029 0.05024557847243089 
0 0.2514308049128606 0.48351383209228516 0.07638329725999099 0.0770883560180664 
0 0.4074895932124211 0.4946449353144719 0.07941620166485126 0.08619836660531852 
0 0.47150285427386945 0.4994798440199632 0.060126304626464844 0.03744954329270583 
0 0.023117725665752705 0.5719984127924993 0.027726246760441706 0.026808885427621696 
