0 0.49835047355064976 0.45976710319519043 0.04037886399489183 0.03843810008122371 
0 0.31217045050400954 0.4543306827545166 0.02460637459388146 0.034235624166635364 
0 0.34563389191260707 0.46016379503103405 0.04100157664372371 0.030140106494610127 
0 0.22383966812720665 0.44921526542076695 0.019822010627159707 0.02266685779278095 
0 0.07157173982033363 0.44400229820838344 0.02635070910820594 0.039961668161245495 
0 0.741215705871582 0.5070241231184739 0.05159143301156851 0.03387674918541542 
0 0.3796078608586238 0.47593032396756685 0.0492243399986854 0.03644855205829327 
0 0.42817086439866286 0.4887708333822397 0.038410260127140924 0.0299071165231558 
0 0.7997573339022123 0.5419490887568548 0.07675853142371544 0.07512437380277194 
0 0.6479381414560171 0.531126462496244 0.08002295860877404 0.0837717789870042 
0 0.5856331678537222 0.5269381449772761 0.05958989950326773 0.037380365224984974 
0 0.9980035193551046 0.6554784041184646 0.003992960716669376 0.02617058387169471 
