0 0.4086909844325139 0.5508140967442439 0.040044087630051836 0.03585599018977238 
0 0.21744156800783598 0.5686359038719764 0.023868835889376126 0.032527850224421576 
0 0.25237759260030895 0.5701599671290472 0.041100336955143854 0.027628421783447266 
0 0.1264124558522151 0.5746223376347468 0.0194702698634221 0.021352181067833535 
0 0.662812746488131 0.5666669698861929 0.05191538884089543 0.03076648712158203 
0 0.28898478471315825 0.5812907402332013 0.04932988606966459 0.03342991608839769 
0 0.3401906490325928 0.5877618422875037 0.03842027370746319 0.027533457829402044 
0 0.9766485506238846 0.5674489461458646 0.04670289817910928 0.045412723834698014 
0 0.726788594172551 0.5933983876154973 0.07602075430063102 0.0701902829683744 
0 0.5700968228853666 0.6017109247354361 0.07898470071645883 0.07856027896587665 
0 0.5058214664459229 0.6053687425760123 0.06005034079918495 0.033809698545015775 
0 0.9550868914677546 0.6778275416447566 0.027605130122258112 0.024395282451923076 
