0 0.4719383533184345 0.3492096204024095 0.03947250659649189 0.036748482630803034 
0 0.27817042057330793 0.3598746886620155 0.023202199202317458 0.03373901660625751 
0 0.31337481278639573 0.36298474898705113 0.040781681354229264 0.02798604965209961 
0 0.18604267560518706 0.36230916243333083 0.019077851222111628 0.02202459482046274 
0 0.02750939016158764 0.3702379006605882 0.02458704664156987 0.039592596200796276 
0 0.727821056659405 0.3768768127147968 0.05163354140061598 0.030966722048245944 
0 0.3498808420621432 0.3763332183544452 0.04893955817589393 0.033875575432410605 
0 0.4013101321000319 0.3853759215428279 0.03807247602022611 0.027971671177790716 
0 0.7913282467768743 0.4079082195575421 0.0748736308171199 0.07201378162090595 
0 0.6328251912043645 0.4099905490875244 0.07762820904071514 0.08079781899085411 
0 0.5677969639117901 0.4111071733328012 0.05977623279278095 0.033933052649864785 
