0 0.8159917684701773 0.8841188137347882 0.03441825279822716 0.03153654245229868 
0 0.30420756340026855 0.8301414709824783 0.039101710686316855 0.0699156981248122 
0 0.6461319740001972 0.8852598850543683 0.07535329231849083 0.07472588465763973 
0 0.8061819076538086 0.5763839758359469 0.02506417494553786 0.03838638158944937 
0 0.7736471249507024 0.5734599920419546 0.04156075991117037 0.037878256577711836 
0 0.8509510847238394 0.597645851281973 0.0806124026958759 0.055196285247802734 
0 0.6716938385596642 0.600325767810528 0.061278930077185996 0.07420679239126352 
0 0.92695375589224 0.6648383140563965 0.04728478651780348 0.05347112508920523 
0 0.9661661661588229 0.6992916694054236 0.054551124572753906 0.050389803372896634 
0 0.8947035716130183 0.7134885421166053 0.05375832777756911 0.05433016556959886 
0 0.24848134701068586 0.6291373693026029 0.03935586489163912 0.09287372002234826 
0 0.2871485214966994 0.6788400503305289 0.13127956023583046 0.1050707010122446 
0 0.4099776561443622 0.6965304888211764 0.09707208780141977 0.08569849454439603 
0 0.958704801562887 0.7859955567580003 0.08259039630110447 0.07440024155836839 
0 0.15750475113208479 0.7062103198124812 0.05004147382882925 0.05518539135272686 
