0 0.8703781274648813 0.8425929729755108 0.03525880666879507 0.028229786799504206 
0 0.30792330778562105 0.8333477240342361 0.036699313383836016 0.06581827310415414 
0 0.6855179713322566 0.8579922822805551 0.07663418696476863 0.06742939582237831 
0 0.8303516461299016 0.5451834752009466 0.02415752410888672 0.03582418881929838 
0 0.794644099015456 0.5450874658731314 0.042595863342285156 0.033887312962458685 
0 0.8811305119441106 0.5620217139904315 0.08441983736478366 0.0476379027733436 
0 0.6861837827242337 0.5797031292548547 0.06099686255821815 0.06813889283400315 
0 0.9703008211576022 0.6207443934220535 0.04744045551006611 0.04882684120765099 
0 0.9941823664479531 0.6508345237145057 0.011635266530972261 0.04514474135178786 
0 0.9398209498478816 0.6706066498389611 0.05457159189077524 0.04911459409273588 
0 0.22807351442483756 0.6432378658881555 0.03472142953139085 0.08852485510019156 
0 0.2749195098876953 0.6881524232717661 0.1359847875741812 0.09261006575364333 
0 0.41036130831791806 0.6949609242952787 0.0997627331660344 0.07640464489276592 
0 0.986766778362485 0.7337594765883225 0.026466442701908257 0.06290355095496544 
0 0.1363537357403682 0.7255871112530048 0.050344384633577786 0.050284312321589544 
