0 0.21788335763491118 0.8179633067204402 0.03265621111943172 0.030230302077073317 
0 0.6901888847351074 0.8986081710228553 0.03793635735144982 0.0667891135582557 
0 0.3699331100170429 0.8622887317950909 0.07163520959707406 0.07159225757305439 
0 0.3026967873940101 0.5368920472952036 0.02415941311762883 0.036692032447228067 
0 0.3325964854313777 0.5424862824953519 0.0394281974205604 0.036310746119572565 
0 0.257295351762038 0.545078809444721 0.07602776013887845 0.05303657971895658 
0 0.41739269403310925 0.5932164192199707 0.058584946852463946 0.07101095639742337 
0 0.1725378265747657 0.5876323993389423 0.0451130775304941 0.05118773533747746 
0 0.12886123932324922 0.6093904972076416 0.05176856884589562 0.04830004618718074 
0 0.05893994638553032 0.6087521956517146 0.06814106840353745 0.0800458101125864 
0 0.18944262541257417 0.6406786625201886 0.05113075329707219 0.052045455345740683 
0 0.7898160861088679 0.7275844720693735 0.03873494955209585 0.08864226708045372 
0 0.7428616743821365 0.7635334088252141 0.12418570885291466 0.10082193521352914 
0 0.6283376216888428 0.7485424188467172 0.09202315257145809 0.08217092660757211 
0 0.09569465999419872 0.6859484085669885 0.11642648852788486 0.07158272082989033 
0 0.8523663007296048 0.8217828823969915 0.04770865807166466 0.05283641815185547 
