0 0.04155674920632289 0.6851708338810847 0.037395273263637833 0.036438281719501205 
0 0.5418436710651104 0.8203832186185397 0.0467982658973107 0.07716149550217849 
0 0.20074683886307937 0.7494038435129019 0.08259023152864896 0.08573686159574069 
0 0.16145538825255173 0.37622886437636155 0.02918391044323261 0.042714595794677734 
0 0.19307673894442046 0.3853398836576022 0.04512999607966496 0.04378722264216496 
0 0.11174303522476783 0.38120170739980846 0.08522270734493549 0.06575848506047176 
0 0.27920951293065 0.4504873202397273 0.06886495076693021 0.08382232372577374 
0 0.021246742743712205 0.4212310864375188 0.04249348548742441 0.06070437798133263 
0 0.029246903382814847 0.4826235220982478 0.058493806765629694 0.06223572217501127 
0 0.6664980741647574 0.6369040195758526 0.049950599670410156 0.1012736834012545 
0 0.6122901623065655 0.6730317702660193 0.14070907005896935 0.12301848484919621 
0 0.4905169927156888 0.6453910240760217 0.1050577163696289 0.09936347374549279 
0 0.7242594865652231 0.7489739197951096 0.055551308851975664 0.06277128366323617 
