0 0.1822840433854323 0.7530014698322003 0.03116754385141226 0.026497400723970853 
0 0.6673882924593412 0.7322357617891752 0.03350397256704477 0.06077883793757512 
0 0.3422579215123103 0.763007640838623 0.06791910758385292 0.06312480339637169 
0 0.2081743570474478 0.48063120475182164 0.0218353271484375 0.0331732676579402 
0 0.2389855935023381 0.47976106863755447 0.03764688051663912 0.03181365820077749 
0 0.1648442424260653 0.49711498847374547 0.07404209100283109 0.04526233673095703 
0 0.3335888202373798 0.5089833736419678 0.05448231330284706 0.06342744827270508 
0 0.08960233284876896 0.5526746786557711 0.0422521004310021 0.0455327033996582 
0 0.0507939847616049 0.5811504767491267 0.04937643729723417 0.04236246989323543 
0 0.006556066182943491 0.5944962501525879 0.013112132365886982 0.07136000119722806 
0 0.11735542462422298 0.5975238726689265 0.04839766025543213 0.04595162318303035 
0 0.7307653060326209 0.556942316202017 0.03246432084303636 0.08142500657301682 
0 0.6916458056523249 0.598969606252817 0.11973124284010667 0.08737344008225661 
0 0.5749636613405668 0.6081529947427603 0.08808557803814228 0.07181119918823242 
0 0.045432058664468616 0.6573430941655085 0.09086411732893723 0.060186606187086836 
0 0.8123106956481934 0.6301055871523343 0.04479371584378756 0.046924627744234525 
