0 0.0639078112748953 0.13563428475306585 0.03239924174088698 0.023693965031550482 
0 0.16644126635331374 0.15754022506567147 0.026751023072462816 0.02805901490725004 
0 0.05119924132640545 0.18946537604698768 0.027003393723414496 0.04060096007127028 
0 0.28106429943671596 0.22709057881281927 0.054048813306368314 0.03991273733285757 
0 0.32130495401529163 0.25093290439018834 0.05994941638066219 0.04808955926161546 
0 0.31339738919184756 0.296310516504141 0.0460511354299692 0.045262813568115234 
0 0.7658268855168269 0.3797310132246751 0.0478057861328125 0.07048830619225135 
0 0.535553161914532 0.38833348567669207 0.039904227623572715 0.055827984443077676 
0 0.5723868149977464 0.45163669952979457 0.08114829430213341 0.06050326273991512 
0 0.632919036425077 0.5073431088374212 0.10824786699735202 0.08109378814697266 
0 0.7347434117243841 0.5780134567847619 0.06250322782076322 0.06965167705829327 
