0 0.4421808352837196 0.9516640809866098 0.05270506785466121 0.046972494858961836 
0 0.1545780897140503 0.5704434651594895 0.022974105981680062 0.037548248584453874 
0 0.23585773431337798 0.5712803693918082 0.03892012742849497 0.049093466538649336 
0 0.380700734945444 0.5816614811237042 0.16109231802133414 0.19371524223914513 
0 0.11717064105547391 0.6273483313046969 0.0752032811825092 0.051423256213848405 
0 0.7298831206101638 0.5895196657914382 0.0808704082782452 0.05329011036799504 
0 0.1275001076551584 0.6615063227139987 0.027585937426640436 0.04535961151123047 
0 0.7406379993145282 0.6312202306894156 0.13366053654597357 0.10177128131573017 
0 0.27891139342234683 0.7138568621415359 0.2880144394361056 0.24996254994319037 
0 0.8105870758971343 0.6766190710835732 0.3788258476326099 0.646761857259732 
