0 0.5650789921100323 0.8226284980773926 0.048374102665827826 0.04168576460618239 
0 0.774021891447214 0.45942020416259766 0.021480688681969277 0.03275027641883263 
0 0.7017246851554284 0.471437564262977 0.03605477626507099 0.043085465064415567 
0 0.5739903816810021 0.5003897410172683 0.14901344592754656 0.17023317630474383 
0 0.8143950379811801 0.5024594343625582 0.06866322113917424 0.046158167032095104 
0 0.26392536896925706 0.5556313624748817 0.073791137108436 0.04792158420269306 
0 0.8094269770842332 0.5328553456526536 0.025799072705782376 0.03955859404343825 
0 0.25951319474440354 0.5924810079427866 0.12227630615234375 0.09089811031634991 
0 0.6810429829817551 0.5983026761275071 0.2641921043395996 0.22205473826481745 
0 0.2086202181302584 0.6795148114458873 0.3708449143629808 0.6409703765351039 
