0 0.5446342688340408 0.976693006662222 0.048914322486290567 0.04313468933105469 
0 0.27546922060159534 0.6349269059988168 0.021563144830557015 0.034242996802696817 
0 0.3500376114478478 0.6346851312197171 0.036324574397160456 0.044882004077617936 
0 0.4830456513624925 0.6423065478985126 0.15021514892578125 0.17719063392052284 
0 0.24195473010723406 0.6869305830735427 0.06957384256216195 0.047438548161433294 
0 0.8034557562607986 0.6451291671166053 0.07478838700514573 0.04919719696044922 
0 0.25190930183117205 0.7177433967590332 0.02589561389042781 0.04136474315936749 
0 0.813906376178448 0.6827686016376202 0.12380189162034255 0.09369718111478366 
0 0.3915314490978534 0.7632991717411921 0.26720454142643857 0.22963267106276292 
0 0.850366849022416 0.714094546981729 0.29926630138204646 0.5718109054634204 
