0 0.5591475046597995 0.7607920353229229 0.04503903022179237 0.04122183873103215 
0 0.3168399792451125 0.40888197605426496 0.019260498193594124 0.0334473756643442 
0 0.38763081110440767 0.411727813573984 0.03294522945697491 0.043501743903526895 
0 0.5135900974273682 0.4248331143305852 0.13656869301429161 0.17145633697509766 
0 0.28302068893726057 0.4593462577232948 0.06460466751685509 0.04467435983511118 
0 0.8176196905282828 0.44091162314781773 0.06951684218186599 0.04622026590200571 
0 0.29128071895012486 0.49048104652991664 0.023120935146625225 0.04040996844951923 
0 0.8260870713454026 0.47887369302602917 0.11459732055664062 0.0888075461754432 
0 0.4220543916408832 0.5416837472182053 0.24626865753760704 0.21916499504676232 
0 0.8637723187701061 0.6063816455694345 0.27245536188666636 0.7457991196559026 
