0 0.5218875041374793 0.7868727170504056 0.051672898806058444 0.045751131497896634 
0 0.22238251796135536 0.4943267015310434 0.024407588518582858 0.03432141817533053 
0 0.29531817252819353 0.48556278302119327 0.039747146459726185 0.04591791446392353 
0 0.42626558817349947 0.4775493878584642 0.16346920453585112 0.18206842129047102 
0 0.19508959696843073 0.5473650051997259 0.07200952676626352 0.05214251004732572 
0 0.7400686924274151 0.44354548821082485 0.07721438774695763 0.054380563589242786 
0 0.20808801284203163 0.5753784363086407 0.029337406158447266 0.041441734020526595 
0 0.7542742582467886 0.47796106338500977 0.12912874955397385 0.10141218625582181 
0 0.34951843665196347 0.6024988431196946 0.2816320015833928 0.24434944299551156 
0 0.8095991426649002 0.587870927957388 0.380801714097078 0.7482442855834961 
