0 0.13700794715147752 0.6342211136451135 0.09174942053281344 0.06172260871300331 
0 0.22775127337529108 0.6948347458472619 0.055071427271916315 0.049506040719839245 
0 0.13932516941657433 0.8209086198073167 0.10783769534184383 0.07551354628342849 
0 0.5127255366398737 0.4311012854942909 0.030205139747032754 0.0716539529653696 
0 0.6096539130577674 0.4385296381436862 0.03251369182880108 0.03539349482609676 
0 0.6652343823359563 0.4425976276397705 0.06069630842942458 0.06017872003408579 
0 0.8382767163790189 0.4590289409344013 0.04983799274151142 0.07782649993896484 
0 0.9447695291959323 0.4851986261514517 0.06407246222862831 0.04865451959463266 
0 0.43323903817396897 0.47020461009098935 0.08398609894972581 0.061336590693547174 
0 0.6086443754342886 0.49197224470285267 0.02964335221510667 0.05863479467538687 
0 0.6763209563035232 0.5162120782412015 0.07121584965632512 0.06459907385019156 
0 0.5089614391326904 0.5183291435241699 0.0734103642977201 0.055614324716421276 
