0 0.013278341064086327 0.7006926536560059 0.026556682128172655 0.05967895801250751 
0 0.07604235639938942 0.7591801790090708 0.05800654796453623 0.048270225524902344 
0 0.020443068100855902 0.8868414071890024 0.040886136201711804 0.07310940669133113 
0 0.37557468047508824 0.4899579928471492 0.031006776369535007 0.07094309880183293 
0 0.47921118369469273 0.49526533713707555 0.03413464472844051 0.034659238962026745 
0 0.5386347770690918 0.49811757527864897 0.06382927527794471 0.058812398176926836 
0 0.7237102435185359 0.5107539433699387 0.0518944813654973 0.07668352127075195 
0 0.8378988779508151 0.5345461735358605 0.06764962122990535 0.04722327452439528 
0 0.29140437566317046 0.5306824354025034 0.08871955137986404 0.05946229054377629 
0 0.479099677159236 0.5485899264995868 0.030642289381760817 0.05794591170090895 
0 0.5518044875218318 0.5712990027207595 0.07500101969792293 0.06300038557786208 
0 0.37313270568847656 0.57703920511099 0.07751142061673678 0.05397459176870493 
