0 0.023107235248272236 0.5794799327850342 0.04621447049654447 0.06239095100989708 
0 0.09100701946478623 0.6409579056959885 0.0611148109802833 0.04933841411884014 
0 0.02501968924815838 0.7583416058466985 0.05003937849631676 0.07616358536940354 
0 0.40866956344017613 0.39918734477116513 0.035335430732140176 0.06952990018404447 
0 0.5127701759338379 0.4099685778984657 0.03633323082557091 0.03501294209406926 
0 0.5724711968348577 0.4159672993880052 0.06758620188786434 0.05973738890427809 
0 0.7581890913156363 0.43825002817007214 0.05665448995736929 0.07616673983060397 
0 0.8718303533700796 0.46734010256253755 0.0707387190598708 0.04886781252347506 
0 0.32146536386930025 0.4336253496316763 0.09262477434598483 0.06172748712392954 
0 0.5095117275531476 0.4611075841463529 0.03420132857102614 0.05708393683800331 
0 0.581421998830942 0.4868808342860295 0.0790546123798077 0.06435574018038236 
0 0.40107160348158616 0.4825752515059251 0.08104291329017052 0.05586466422447792 
