0 0.18286307041461652 0.6525195928720328 0.08655192301823543 0.0603633293738732 
0 0.2731535251323993 0.7107338171738845 0.051512644841120794 0.04930195441612831 
0 0.1940626547886775 0.8474056537334735 0.10162426875187801 0.07406161381648137 
0 0.5348916420569787 0.41920652756324184 0.02668483440692608 0.07372727760901818 
0 0.6285827710078313 0.42151480454664964 0.030195309565617487 0.03557571998009315 
0 0.6822978166433481 0.4226382879110483 0.05657614194429838 0.06022948485154372 
0 0.8497131787813627 0.4300703268784743 0.045453438392052285 0.07926339369553786 
0 0.9535145025986892 0.45141812471243054 0.060247054466834433 0.04797785098736103 
0 0.4602309006911058 0.46452494767995983 0.07905798691969651 0.06032976737389198 
0 0.6301780113807092 0.47739843221811146 0.026600470909705527 0.060095713688777044 
0 0.6965096547053411 0.49891345317547137 0.06659346360426682 0.06436351629403922 
0 0.5354574643648587 0.5105376426990216 0.06903222891000602 0.05483264189500075 
