0 0.18323768560702985 0.7695031532874475 0.09931897200070895 0.0812680171086238 
0 0.2857384773401114 0.7945844576908991 0.06286010375389686 0.06046904050386869 
0 0.24854763654562143 0.9431111262394831 0.1175076961517334 0.09830313462477464 
0 0.453872222166795 0.4491181190197284 0.04606910852285532 0.0749198106619028 
0 0.5439506860879751 0.4223606769855206 0.038718113532433145 0.04148527292104868 
0 0.5955384694612943 0.40683849041278547 0.07074348743145283 0.0719146728515625 
0 0.7574253449073205 0.362030762892503 0.06548918210543118 0.0857089849618765 
0 0.8624904339130108 0.3494573556459867 0.07080444922814003 0.06196121069101187 
0 0.3953070273766151 0.5132843714493972 0.09217511690579928 0.07892971772413987 
0 0.5611356038313645 0.47264060607323277 0.04216814041137695 0.0625613652742826 
0 0.6304813715127798 0.4717588424682617 0.08143890821016751 0.07873997321495643 
0 0.48000917067894566 0.531919736128587 0.08108956997211163 0.07086849212646484 
