0 0.5118545568906344 0.6892701295705942 0.03159328607412485 0.034218934866098255 
0 0.6820571239177997 0.7304386358994704 0.039942154517540567 0.04573359856238732 
0 0.5817450743455154 0.4035753286801852 0.04445589505709135 0.04938642795269306 
0 0.5993570914635291 0.4247994606311505 0.02707950885479267 0.030566032116229717 
0 0.5887526915623591 0.43969401946434605 0.03204642809354342 0.028529790731576774 
0 0.4420614242553711 0.5270454333378718 0.03362354865440956 0.03888988494873047 
0 0.6605812219473032 0.6159315476050744 0.09298265897310697 0.0735182395348182 
0 0.3623971755688007 0.5757174675281231 0.056186786064734824 0.07445221680861253 
0 0.6493009053743802 0.6352661572969877 0.06070833939772386 0.05215762211726262 
0 0.20890542177053598 0.5616931915283203 0.1342452856210562 0.23192170950082633 
0 0.4350877908559946 0.6093698831704947 0.07763400444617638 0.06801806963407077 
0 0.616801225222074 0.6479458442101111 0.13338316403902495 0.09626461909367488 
0 0.3235867115167471 0.6207265120286208 0.16609516510596642 0.1638309772198017 
0 0.4163675675025353 0.6593228486868051 0.10697694925161508 0.07878765693077674 
0 0.5353267926436204 0.681124943953294 0.03204650145310622 0.02852975405179537 
