0 0.42205100793104905 0.6795407808743991 0.030457680041973408 0.029555100661057692 
0 0.5835137367248535 0.7174218617952787 0.038545388441819414 0.039461502662071817 
0 0.49286745144770694 0.4369815129500169 0.042877380664532 0.04263602770291842 
0 0.5093219830439641 0.4553715632512019 0.026125687819260817 0.02638068565955529 
0 0.49900155801039475 0.46790418258080113 0.030797481536865234 0.02473908204298753 
0 0.3580102553734413 0.5400311396672175 0.03245383042555589 0.03355048252986027 
0 0.5647714871626633 0.6193997676555927 0.08921318787794846 0.06392809060903695 
0 0.2814230827184824 0.5802538028130164 0.05438087536738469 0.06409032528217022 
0 0.553741271679218 0.6357086805196909 0.058312562795785755 0.04526384060199444 
0 0.13546839814919692 0.565797860805805 0.13077969275988066 0.19894618254441482 
0 0.35014126851008487 0.6101397367624136 0.07459104978121243 0.05900155580960787 
0 0.5226039886474609 0.6459963505084698 0.12783145904541016 0.08390595362736629 
0 0.24379392770620492 0.6180155460651104 0.15987264193021333 0.14175613109882063 
0 0.331569451552171 0.652445022876446 0.10254911276010367 0.0686352803156926 
0 0.4445242148179274 0.672974366408128 0.030797518216646634 0.02473904536320613 
