0 0.6423664093017578 0.691912210904635 0.028545232919546273 0.02707246633676382 
0 0.8169728425832895 0.6948193036592923 0.035793377802922174 0.03643050560584435 
0 0.6574592590332031 0.4369877301729642 0.04001925541804387 0.03919652792123648 
0 0.6787003737229568 0.4516468965090238 0.02431942866398738 0.024306627420278695 
0 0.6710876684922439 0.4662433954385611 0.029692796560434196 0.02195141865656926 
0 0.5435787531045767 0.5677028252528264 0.03008435322688176 0.031016093034010667 
0 0.7744926305917593 0.6019312601823074 0.08725973275991586 0.05543609765859751 
0 0.4745627183180589 0.6238470444312463 0.04914217728834886 0.06026774186354417 
0 0.7670476620013897 0.6204126064593976 0.056475272545447715 0.039900706364558294 
0 0.32142114639282227 0.6407789267026461 0.11095978663517879 0.1921684191777156 
0 0.5521402542407696 0.6386901782109187 0.07206326264601487 0.0522008308997521 
0 0.7375496350801908 0.6372429590958816 0.12627220153808594 0.07132357817429763 
0 0.444923786016611 0.6692248857938327 0.15198990014883187 0.1280039273775541 
0 0.5431272249955398 0.6844827211820163 0.10108489256638747 0.058612823486328125 
0 0.6638602476853591 0.6806137011601374 0.029692869919996995 0.02195145533635066 
