0 0.47707871290353626 0.7383421384371244 0.02837089391855093 0.03181530879094051 
0 0.6435377414409931 0.7642002472510705 0.03566653911884014 0.042729964623084433 
0 0.5219886302947998 0.45027815378629243 0.03982078112088717 0.04602186496441181 
0 0.540527527148907 0.4696983740879939 0.02421679863562951 0.02852340844961313 
0 0.5315089775965764 0.4853207881634052 0.029282239767221305 0.02600398430457482 
0 0.39756052310650164 0.5842774281134973 0.029992397014911357 0.036366866185114935 
0 0.6140653170072116 0.6530402623690091 0.08571786146897536 0.06605815887451172 
0 0.3249120987378634 0.639235991698045 0.0493465753702017 0.07037049073439378 
0 0.6047424353086032 0.6731038827162522 0.05562587884756235 0.04734604175274189 
0 0.1765861969727736 0.6387198338141808 0.11349283731900729 0.22293608005230242 
0 0.3972488550039438 0.6661415100097656 0.07102694878211388 0.06188363295335036 
0 0.5745489780719464 0.6884411298311673 0.12371246631328876 0.0854326394888071 
0 0.2911695425327008 0.6870318926297702 0.1504655801332914 0.15096649756798378 
0 0.3831612146817721 0.7170731104337252 0.099091676565317 0.07012271881103516 
0 0.4989638145153339 0.7282645152165339 0.029282166407658503 0.026003910945012018 
