0 0.5302900534409744 0.8157632534320538 0.026338577270507812 0.02819237342247596 
0 0.36476738636310285 0.8290579869196966 0.032948750715989336 0.03802578265850361 
0 0.5030039823972262 0.5431235753572904 0.03688676540668194 0.040862010075495794 
0 0.4835954996255728 0.5600898632636437 0.022400599259596605 0.025356109325702373 
0 0.4915610460134653 0.5753073692321777 0.027591485243577223 0.022638687720665567 
0 0.6177046115581806 0.6767365749065692 0.02768105726975661 0.03238729330209585 
0 0.40034921352679914 0.7269188440763034 0.08136807955228366 0.05675792694091797 
0 0.6860441061166617 0.7329539885887733 0.04491629967322716 0.0632462868323693 
0 0.408353145305927 0.7463144155649039 0.052536377540001504 0.04106550950270433 
0 0.8322094770578238 0.7421961564284104 0.09966520162729117 0.20320774958683893 
0 0.613191714653602 0.7534008026123047 0.06699701455923227 0.05378591097318209 
0 0.4371976118821364 0.7626532774705154 0.11802453261155349 0.07255187401404747 
0 0.7164741662832407 0.7799144891592172 0.140744869525616 0.13272461524376503 
0 0.6240725517272949 0.802008372086745 0.09443495823786809 0.059712703411395736 
0 0.5093215428865873 0.8048931635343112 0.027591485243577223 0.022638687720665567 
