0 0.7080220075754019 0.7012579624469464 0.03532681098351112 0.03112169412466196 
0 0.43726757856515736 0.675418156843919 0.025256927196796123 0.025646136357234076 
0 0.5112026838155893 0.6959213110116812 0.028405446272629958 0.02115014883188101 
0 0.7515452825106107 0.7379252727215106 0.03527003068190355 0.0537412349994366 
0 0.36427268615135777 0.6737208366394043 0.03687275373018705 0.04018350747915415 
0 0.4162442867572491 0.6851796003488394 0.031976553109975964 0.026783209580641527 
0 0.06347217926612267 0.6294774092160739 0.03438672652611366 0.04856304021982046 
0 0.09552462284381573 0.6442249371455266 0.040904540282029375 0.04086575141319862 
0 0.26309316891890305 0.6832370024461013 0.04583859443664551 0.03918647766113281 
0 0.1482156102473919 0.6757841110229492 0.037554181539095365 0.03652734022874098 
