0 0.2534353549663837 0.6038095584282508 0.03257531386155348 0.027040958404541016 
0 0.5259264982663668 0.610439869073721 0.02284383773803711 0.022760721353384163 
0 0.4498506509340726 0.6216514844160813 0.02670152370746319 0.017832279205322266 
0 0.20560345282921424 0.6342300268319937 0.029546444232647236 0.04988171504094051 
0 0.5987366529611441 0.6173298909113958 0.0329897220318134 0.03599709730881911 
0 0.5456262551821195 0.6223506193894607 0.029668111067551833 0.023076277512770433 
0 0.9033919802078834 0.6096506485572228 0.029309612054091234 0.044763931861290567 
0 0.8696853747734656 0.6201849167163556 0.037084267689631537 0.036186475020188555 
0 0.6981891210262592 0.6383741818941556 0.04242524733910194 0.03388008704552284 
0 0.8133685130339402 0.6445868565486028 0.034176954856285684 0.03222186748798077 
0 0.9922655406766213 0.7181567045358511 0.015468918073635835 0.057335266700157754 
