0 0.8543661190913274 0.5949202867654654 0.03206553825965294 0.029057759505051833 
0 0.5815951090592605 0.6105868816375732 0.022397664877084587 0.02459852512066181 
0 0.6580529946547288 0.6206952975346491 0.026385013873760518 0.019002254192645732 
0 0.9029820148761456 0.6271869952862079 0.02849160707913912 0.05453828664926382 
0 0.5088292818803054 0.620447745689979 0.0322722288278433 0.03899985093336839 
0 0.5621410883389987 0.62439331641564 0.02924009469839243 0.024740219116210938 
0 0.20350989011617807 0.621231354199923 0.02837347984313965 0.04885706534752479 
0 0.08290621638298035 0.6272599697113037 0.030726639124063346 0.030449683849628154 
0 0.23751531197474554 0.6318817505469689 0.036377741740300104 0.03908487466665415 
0 0.40970802307128906 0.6468139795156626 0.041792649489182696 0.03635758620042067 
0 0.29448970464559704 0.6572169157174917 0.03355218813969539 0.03476737095759465 
0 0.08456115997754611 0.7452303813054011 0.07924355910374568 0.061267706064077526 
