0 0.645268807044396 0.5749272016378549 0.03038963904747596 0.027968296637901895 
0 0.3843862827007587 0.5931221705216628 0.02118066641000601 0.0237273803124061 
0 0.4576676075275128 0.6021441496335543 0.025058672978327826 0.01823142858651968 
0 0.6921424498924842 0.6058299358074481 0.02669356419489934 0.05283495096059946 
0 0.3148529529571533 0.6035095178163968 0.030480568225567158 0.03765373963576097 
0 0.3659165088947003 0.6067783465752234 0.027730648334209736 0.023791716648982122 
0 0.022660706765376605 0.607559607579158 0.026641575762858756 0.047300558823805586 
0 0.055319446783799395 0.617566493841318 0.03441055004413311 0.03769225340623122 
0 0.22027396238767183 0.6302560292757474 0.03962448927072378 0.03497644571157602 
0 0.11011801316187932 0.6416282653808594 0.031751577670757584 0.033515636737530045 
