0 0.7411330663240873 0.4586774936089149 0.030181371248685397 0.02757714344904973 
0 0.5014682916494516 0.49912647100595325 0.02134814629187951 0.02305448972261869 
0 0.5700785746941199 0.5005589448488675 0.024530374086820163 0.01836560322688176 
0 0.7873111137977014 0.4823456910940317 0.028597611647385817 0.04981913933387169 
0 0.4380952211526724 0.5149207298572247 0.030980513646052435 0.036353661463810846 
0 0.4856286599085881 0.513186894930326 0.027412891387939453 0.023598230802095853 
0 0.16817785226381743 0.5454419026008019 0.028140893349280723 0.04480394950279823 
0 0.06212313817097591 0.5625350291912372 0.029082564207223747 0.028722176185021035 
0 0.19930084852071908 0.5514995684990516 0.034619423059316784 0.03667996479914738 
0 0.35304614213796764 0.5478268770071176 0.03924285448514498 0.0346073737511268 
0 0.25218575734358567 0.5682463829333966 0.03185097987835224 0.03270108883197491 
0 0.0752383115199896 0.6662733371441181 0.073933489047564 0.05885813786433293 
