0 0.5974021324744592 0.13756555318832397 0.07307089292086087 0.049776783356299766 
0 0.6833674540886512 0.17670901463581964 0.07200457499577449 0.06390328590686505 
0 0.5697325009566087 0.31566569438347447 0.04535656708937425 0.05743780502906212 
0 0.6368125402010404 0.35532188415527344 0.0482483643751878 0.0615991445688101 
0 0.6807043827497042 0.3523837969853328 0.0495754572061392 0.050085287827711836 
0 0.6870399713516235 0.40320724707383376 0.07851697848393367 0.06712220265315129 
0 0.6822530352152311 0.45642834443312424 0.35777401007138765 0.4706527269803561 
0 0.44531976259671724 0.5110623102921706 0.0976398174579327 0.09743664814875676 
0 0.7233905975635235 0.5144277352553147 0.032983633188100964 0.057531503530649036 
0 0.624798793059129 0.5384981815631573 0.044704620654766374 0.05090647477370042 
0 0.48776842997624326 0.6454319953918457 0.1840803439800556 0.20672335991492638 
