0 0.43896933702322155 0.27208887613736665 0.06642998181856595 0.04436507591834435 
0 0.360596986917349 0.316040772658128 0.06456683232234074 0.05843015817495493 
0 0.475449800491333 0.4442892624781682 0.03963738221388597 0.053827835963322565 
0 0.41483242695148176 0.4874895902780386 0.042134541731614336 0.0577542965228741 
0 0.37346447431124175 0.4875296996189998 0.04408829028789814 0.046259476588322565 
0 0.3705177307128906 0.5376134835756742 0.07056067540095402 0.06117824407724234 
0 0.37815149013812727 0.5893025398254395 0.3116035461425781 0.4420109528761644 
0 0.6037490551288311 0.626974839430589 0.08690540607158954 0.08991314814640926 
0 0.34296497931847203 0.6487067662752591 0.02787619370680589 0.054757264944223255 
0 0.436918698824369 0.6656886614285983 0.039410957923302285 0.04740230853740986 
0 0.5718392042013315 0.7610933964069073 0.1624570626478929 0.1923215572650616 
