0 0.608864637521597 0.23996042288266695 0.08021941551795372 0.04650778036851149 
0 0.7003656992545495 0.2909383407005897 0.07783972300015964 0.06102554614727314 
0 0.5514503625723032 0.41492141210115874 0.04763339116023137 0.05602268072275015 
0 0.6215138802161584 0.46384424429673415 0.050629689143254206 0.060105360471285306 
0 0.6715935101875892 0.4668679970961351 0.05309748649597168 0.04824476975661058 
0 0.6713077196708093 0.5187320709228516 0.08508830804091233 0.06392493614783654 
0 0.658088913330665 0.5714888205895057 0.37430280905503494 0.45989667452298677 
0 0.38206758865943324 0.5940763033353366 0.1046748161315918 0.09378389211801383 
0 0.6961175478421725 0.6352893939385047 0.0333563731266902 0.056867049290583685 
0 0.5810646093808688 0.6460294356712928 0.04741312907292293 0.04937956883357121 
0 0.4103808586414044 0.7346938206599309 0.19546901262723482 0.20036946810208833 
