0 0.4665807393880991 0.17444675243817842 0.0753939335162823 0.0481641017473661 
0 0.37769191081707293 0.21729203370901254 0.0735186430124136 0.06264132719773513 
0 0.504951000213623 0.3541588233067439 0.04541360414945162 0.0570215445298415 
0 0.43605600870572603 0.3968375646151029 0.04828302676861103 0.061167350182166465 
0 0.38949830715472883 0.3954525360694298 0.050300304706280045 0.04935051844670223 
0 0.38540066205538237 0.44725353901202863 0.08030165158785306 0.0656897104703463 
0 0.3931856888991136 0.5010829613758967 0.35730706728421724 0.46775636306175816 
0 0.6464941134819617 0.5479033543513372 0.09913037373469426 0.0959629645714393 
0 0.35265878530649036 0.5614310961503249 0.032202720642089844 0.05757599610548753 
0 0.4581329088944655 0.5822698152982272 0.0450585071857159 0.050370436448317304 
0 0.6084894216977633 0.685792116018442 0.18568900915292594 0.2044525146484375 
