0 0.5275523479168231 0.1741550243817843 0.07570552825927734 0.05454890544597919 
0 0.6165142976320707 0.2150515868113591 0.07501935958862305 0.06970447760361892 
0 0.5041893262129563 0.36635963733379656 0.04773979920607347 0.0623632577749399 
0 0.5738595449007474 0.40808470432574934 0.050797682542067304 0.06687549444345328 
0 0.6186477037576529 0.40427838839017427 0.051822699033297025 0.054529703580416165 
0 0.6265292534461389 0.4589184797727145 0.08173223642202523 0.07325858336228591 
0 0.6231067914229172 0.5163034567466149 0.377069143148569 0.5108047815469595 
0 0.38240660153902495 0.5786068256084735 0.10203170776367188 0.10610081599308895 
0 0.66676376416133 0.5781622666579026 0.03516098169180063 0.062279114356407754 
0 0.5666414040785569 0.6055268324338473 0.046892826373760514 0.05533896959744967 
0 0.4295147749093863 0.7226911324721116 0.1930093765258789 0.2247611559354342 
